schema_version,case_id,family,inventory_fingerprint,review_classification,review_intended_alternative,review_supported_construction,review_declared_construction,review_declared_subtype,review_protected_set_tags_json,non_gold_review_id,non_gold_reviewer,non_gold_review_timestamp_utc,primary_decisions_visible,analyser_predictions_visible,review_notes
1,v3-there-their-theyre-0002-to-too-two-01,TO_TOO_TWO,da1d231b7749f2caafecd3ce9bb48f0fc49e05b16ba6edd89419b33e80f51ead,VALID,,true,preposition,destination_or_recipient_preposition,[],non-gold-v3-there-their-theyre-0002-to-too-two-01,Katie Sanderson,2026-09-10T18:03:04Z,true,false,Katie Sanderson reviewed and copied this human decision.
1,v3-there-their-theyre-0004-to-too-two-01,TO_TOO_TWO,15774295f8ae6f605c4be3438a2f6c7d2cb34ab38f2b43e7926a22cf30e759ef,VALID,,true,preposition,destination_or_recipient_preposition,[],non-gold-v3-there-their-theyre-0004-to-too-two-01,Katie Sanderson,2026-09-10T18:03:04Z,true,false,Katie Sanderson reviewed and copied this human decision.
1,v3-there-their-theyre-0006-to-too-two-01,TO_TOO_TWO,c5ffc32065dfcffab18cdc203f83fe0d18249ad186d467dc8afc0d307796cf6b,VALID,,true,preposition,destination_or_recipient_preposition,[],non-gold-v3-there-their-theyre-0006-to-too-two-01,Katie Sanderson,2026-09-10T18:03:04Z,true,false,Katie Sanderson reviewed and copied this human decision.
1,v3-there-their-theyre-0010-to-too-two-01,TO_TOO_TWO,72781b9c1e2f33d8c011076fd30f8bab076a26f403d6a36fca8a3a9d89e1fc7d,VALID,,false,not_applicable,not_applicable,[],non-gold-v3-there-their-theyre-0010-to-too-two-01,Katie Sanderson,2026-09-10T18:03:04Z,true,false,Katie Sanderson reviewed and copied this human decision.
1,v3-there-their-theyre-0011-to-too-two-01,TO_TOO_TWO,d0113bf7502cbda935e98c0ff61705f3c762b685f231133fd6da49272f78a72f,VALID,,true,preposition,destination_or_recipient_preposition,[],non-gold-v3-there-their-theyre-0011-to-too-two-01,Katie Sanderson,2026-09-10T18:03:04Z,true,false,Katie Sanderson reviewed and copied this human decision.
1,v3-there-their-theyre-0012-to-too-two-01,TO_TOO_TWO,6741d6d37a91114165f9d178919df973c219a38474aced45db504077dba097ed,VALID,,false,not_applicable,not_applicable,[],non-gold-v3-there-their-theyre-0012-to-too-two-01,Katie Sanderson,2026-09-10T18:03:04Z,true,false,Katie Sanderson reviewed and copied this human decision.
1,v3-there-their-theyre-0014-to-too-two-01,TO_TOO_TWO,d7fa5e2ff2adca0674cb3830c0a0023962ddff40082b76fde8ee38e0b4756b90,VALID,,false,not_applicable,not_applicable,[],non-gold-v3-there-their-theyre-0014-to-too-two-01,Katie Sanderson,2026-09-10T18:03:04Z,true,false,Katie Sanderson reviewed and copied this human decision.
1,v3-there-their-theyre-0015-to-too-two-01,TO_TOO_TWO,05cf0c708f282dd4bfe06969f6e544fac7c18afc2e23bba97a3c70d0d44c7db0,VALID,,false,not_applicable,not_applicable,[],non-gold-v3-there-their-theyre-0015-to-too-two-01,Katie Sanderson,2026-09-10T18:03:04Z,true,false,Katie Sanderson reviewed and copied this human decision.
1,v3-there-their-theyre-0015-to-too-two-02,TO_TOO_TWO,794d46804a47e5c1eb0c32844f50b97815cd3fc0340070ab399bbccd4790a589,VALID,,true,preposition,destination_or_recipient_preposition,[],non-gold-v3-there-their-theyre-0015-to-too-two-02,Katie Sanderson,2026-09-10T18:03:04Z,true,false,Katie Sanderson reviewed and copied this human decision.
1,v3-there-their-theyre-0016-to-too-two-01,TO_TOO_TWO,b66b8c2381a5009c50427d21e15427a9c03cd1a09cda43fbf9c69dfa3698e5ae,VALID,,true,preposition,destination_or_recipient_preposition,[],non-gold-v3-there-their-theyre-0016-to-too-two-01,Katie Sanderson,2026-09-10T18:03:04Z,true,false,Katie Sanderson reviewed and copied this human decision.
1,v3-there-their-theyre-0018-to-too-two-01,TO_TOO_TWO,0d5111dc0ff766256d5ed1355471e39b9610194d9f722fb6be2c4bf27500e922,VALID,,true,infinitive,governed_infinitive,[],non-gold-v3-there-their-theyre-0018-to-too-two-01,Katie Sanderson,2026-09-10T18:03:04Z,true,false,Katie Sanderson reviewed and copied this human decision.
1,v3-there-their-theyre-0020-to-too-two-01,TO_TOO_TWO,169b25cfead285e4d8f77c734b653fceb3ccab4115c2e5c1d1be6f577d217064,VALID,,true,preposition,destination_or_recipient_preposition,[],non-gold-v3-there-their-theyre-0020-to-too-two-01,Katie Sanderson,2026-09-10T18:03:04Z,true,false,Katie Sanderson reviewed and copied this human decision.
1,v3-there-their-theyre-0021-to-too-two-01,TO_TOO_TWO,05ed2ecf5ff85e19088e4cf65d87a652d86a95ad9dc078cf0bef7dd38cdd67d9,VALID,,true,preposition,destination_or_recipient_preposition,[],non-gold-v3-there-their-theyre-0021-to-too-two-01,Katie Sanderson,2026-09-10T18:03:04Z,true,false,Katie Sanderson reviewed and copied this human decision.
1,v3-there-their-theyre-0023-to-too-two-01,TO_TOO_TWO,aa92433f2524c2b106ead40e1c04fec94c2c5f812a8394aca9212618ae679523,VALID,,false,not_applicable,not_applicable,[],non-gold-v3-there-their-theyre-0023-to-too-two-01,Katie Sanderson,2026-09-10T18:03:04Z,true,false,Katie Sanderson reviewed and copied this human decision.
1,v3-there-their-theyre-0023-to-too-two-02,TO_TOO_TWO,825b83451af2d2bff9b2e1a39c7aedefe0bce8a6f48db32a46f0785411e9109d,VALID,,true,infinitive,governed_infinitive,[],non-gold-v3-there-their-theyre-0023-to-too-two-02,Katie Sanderson,2026-09-10T18:03:04Z,true,false,Katie Sanderson reviewed and copied this human decision.
1,v3-there-their-theyre-0028-to-too-two-01,TO_TOO_TWO,15d0bbb16cffe56c20c2f505d5db6e6884ccb8ea11de27340e142c6f8f9360a4,VALID,,true,preposition,destination_or_recipient_preposition,[],non-gold-v3-there-their-theyre-0028-to-too-two-01,Katie Sanderson,2026-09-10T18:03:04Z,true,false,Katie Sanderson reviewed and copied this human decision.
1,v3-there-their-theyre-0033-to-too-two-01,TO_TOO_TWO,80099e06c196c307ec988b0339339875db0bfd9392136d766dbf7faea5269523,VALID,,true,preposition,destination_or_recipient_preposition,[],non-gold-v3-there-their-theyre-0033-to-too-two-01,Katie Sanderson,2026-09-10T18:03:04Z,true,false,Katie Sanderson reviewed and copied this human decision.
1,v3-there-their-theyre-0033-to-too-two-02,TO_TOO_TWO,184b54090686eeacd4488ade8d4a2d8f71de83c05820ccdcf0bb4ea0d1a9a017,VALID,,true,preposition,destination_or_recipient_preposition,[],non-gold-v3-there-their-theyre-0033-to-too-two-02,Katie Sanderson,2026-09-10T18:03:04Z,true,false,Katie Sanderson reviewed and copied this human decision.
1,v3-there-their-theyre-0036-to-too-two-01,TO_TOO_TWO,d45d783f08fc9539b345236d37b0e4e720a994c5d38a186be1740ea10efb2687,VALID,,false,not_applicable,not_applicable,[],non-gold-v3-there-their-theyre-0036-to-too-two-01,Katie Sanderson,2026-09-10T18:03:04Z,true,false,Katie Sanderson reviewed and copied this human decision.
1,v3-there-their-theyre-0036-to-too-two-02,TO_TOO_TWO,d25e9a1d7a061d33264c481e31e5ffea31b6203d57f1818a4c4aa0ce75c47df5,VALID,,true,infinitive,governed_infinitive,[],non-gold-v3-there-their-theyre-0036-to-too-two-02,Katie Sanderson,2026-09-10T18:03:04Z,true,false,Katie Sanderson reviewed and copied this human decision.
1,v3-there-their-theyre-0038-to-too-two-01,TO_TOO_TWO,419e9dcd6de203526ae6a3d4ccdc60713308f15dfb987bd40db741ecaf12a3be,VALID,,true,infinitive,governed_infinitive,[],non-gold-v3-there-their-theyre-0038-to-too-two-01,Katie Sanderson,2026-09-10T18:03:04Z,true,false,Katie Sanderson reviewed and copied this human decision.
1,v3-there-their-theyre-0040-to-too-two-01,TO_TOO_TWO,0d23778c49dc93935e4dbcdb6c5313beb0345a7e0e226c7779d69658120db104,VALID,,true,infinitive,governed_infinitive,[],non-gold-v3-there-their-theyre-0040-to-too-two-01,Katie Sanderson,2026-09-10T18:03:04Z,true,false,Katie Sanderson reviewed and copied this human decision.
1,v3-there-their-theyre-0041-to-too-two-01,TO_TOO_TWO,14c7a830c8e1046712217ae9357567e19e75657c5b17c8274726ce2f31829285,VALID,,true,preposition,destination_or_recipient_preposition,[],non-gold-v3-there-their-theyre-0041-to-too-two-01,Katie Sanderson,2026-09-10T18:03:04Z,true,false,Katie Sanderson reviewed and copied this human decision.
1,v3-there-their-theyre-0042-to-too-two-01,TO_TOO_TWO,f780f55669401171c4947da86232ab6fa488a7062d34260cb199fa121696de75,VALID,,true,preposition,destination_or_recipient_preposition,[],non-gold-v3-there-their-theyre-0042-to-too-two-01,Katie Sanderson,2026-09-10T18:03:04Z,true,false,Katie Sanderson reviewed and copied this human decision.
1,v3-there-their-theyre-0044-to-too-two-01,TO_TOO_TWO,c805817cf0240e470046ebf2725791c6d7197ca75098466e5e8c3a014a29d389,VALID,,true,infinitive,governed_infinitive,[],non-gold-v3-there-their-theyre-0044-to-too-two-01,Katie Sanderson,2026-09-10T18:03:04Z,true,false,Katie Sanderson reviewed and copied this human decision.
1,v3-there-their-theyre-0047-to-too-two-01,TO_TOO_TWO,18a263f0e90ace4992336f1fac40a72423bc80a11325ea18ee65ee2ca3c0e31a,VALID,,true,infinitive,governed_infinitive,[],non-gold-v3-there-their-theyre-0047-to-too-two-01,Katie Sanderson,2026-09-10T18:03:04Z,true,false,Katie Sanderson reviewed and copied this human decision.
1,v3-there-their-theyre-0050-to-too-two-01,TO_TOO_TWO,7bfae84d9e6738374bb6c7cc87bdb7d4061181675126a970dc2f62b6d5fcda7c,VALID,,true,numeral,ordinary_count_numeral,[],non-gold-v3-there-their-theyre-0050-to-too-two-01,Katie Sanderson,2026-09-10T18:03:04Z,true,false,Katie Sanderson reviewed and copied this human decision.
1,v3-there-their-theyre-0050-to-too-two-02,TO_TOO_TWO,d693c2535297a40386c614416d84b38e90de6d3181924021948b5f9ed647ca0d,VALID,,true,infinitive,governed_infinitive,[],non-gold-v3-there-their-theyre-0050-to-too-two-02,Katie Sanderson,2026-09-10T18:03:04Z,true,false,Katie Sanderson reviewed and copied this human decision.
1,v3-there-their-theyre-0052-to-too-two-01,TO_TOO_TWO,9d28051558d976451ada5420b96cffafd9add01df0715cde4f64293b23433c9c,VALID,,true,numeral,ordinary_count_numeral,[],non-gold-v3-there-their-theyre-0052-to-too-two-01,Katie Sanderson,2026-09-10T18:03:04Z,true,false,Katie Sanderson reviewed and copied this human decision.
1,v3-there-their-theyre-0052-to-too-two-02,TO_TOO_TWO,83c925129602746ffdcbf96a53005783345662a19d10e14346f1e4f9a47ce2dd,VALID,,true,infinitive,governed_infinitive,[],non-gold-v3-there-their-theyre-0052-to-too-two-02,Katie Sanderson,2026-09-10T18:03:04Z,true,false,Katie Sanderson reviewed and copied this human decision.
1,v3-there-their-theyre-0063-to-too-two-01,TO_TOO_TWO,00560572b67b92805fd719c6f150d17406c49dba24acaf6fb98763f9c0c4e315,VALID,,true,numeral,ordinary_count_numeral,[],non-gold-v3-there-their-theyre-0063-to-too-two-01,Katie Sanderson,2026-09-10T18:03:04Z,true,false,Katie Sanderson reviewed and copied this human decision.
1,v3-there-their-theyre-0063-to-too-two-02,TO_TOO_TWO,ff8aeca9775dbb1a2eed0de649798c61d8f14546272324be3b3cfdf1d5c0740e,VALID,,true,infinitive,governed_infinitive,[],non-gold-v3-there-their-theyre-0063-to-too-two-02,Katie Sanderson,2026-09-10T18:03:04Z,true,false,Katie Sanderson reviewed and copied this human decision.
1,v3-there-their-theyre-0064-to-too-two-01,TO_TOO_TWO,79db174b58e74d08aac92194117871f2cfb0df0354cb35a9e64f24c157fde121,VALID,,true,numeral,ordinary_count_numeral,[],non-gold-v3-there-their-theyre-0064-to-too-two-01,Katie Sanderson,2026-09-10T18:03:04Z,true,false,Katie Sanderson reviewed and copied this human decision.
1,v3-there-their-theyre-0064-to-too-two-02,TO_TOO_TWO,b2c07559cbb989c890bc369e7970a3fd3cd98b3e3be434fdd77a5e8b05990359,VALID,,true,infinitive,governed_infinitive,[],non-gold-v3-there-their-theyre-0064-to-too-two-02,Katie Sanderson,2026-09-10T18:03:04Z,true,false,Katie Sanderson reviewed and copied this human decision.
1,v3-there-their-theyre-0065-to-too-two-01,TO_TOO_TWO,cd0aa0ccf821ca451e2cd8a3b41b8e5239e9337e88534b85d255781a293a115e,VALID,,true,numeral,ordinary_count_numeral,[],non-gold-v3-there-their-theyre-0065-to-too-two-01,Katie Sanderson,2026-09-10T18:03:04Z,true,false,Katie Sanderson reviewed and copied this human decision.
1,v3-there-their-theyre-0065-to-too-two-02,TO_TOO_TWO,94fd9795ee46d56aabda0ebdc20e25f70ee9987ad62a205e44447be0289c1ef4,VALID,,true,infinitive,governed_infinitive,[],non-gold-v3-there-their-theyre-0065-to-too-two-02,Katie Sanderson,2026-09-10T18:03:04Z,true,false,Katie Sanderson reviewed and copied this human decision.
1,v3-there-their-theyre-0067-to-too-two-01,TO_TOO_TWO,1795c632f8429c2e15ce0d92da694d02cd4a7b24c9822ec52d74e606374c8d66,VALID,,true,infinitive,governed_infinitive,[],non-gold-v3-there-their-theyre-0067-to-too-two-01,Katie Sanderson,2026-09-10T18:03:04Z,true,false,Katie Sanderson reviewed and copied this human decision.
1,v3-there-their-theyre-0069-to-too-two-01,TO_TOO_TWO,d50646c585a94c43861bd5c02225d4a5051f1ce35e9f8b2e9f22db0599fbd6bc,VALID,,true,numeral,ordinary_count_numeral,[],non-gold-v3-there-their-theyre-0069-to-too-two-01,Katie Sanderson,2026-09-10T18:03:04Z,true,false,Katie Sanderson reviewed and copied this human decision.
1,v3-there-their-theyre-0069-to-too-two-02,TO_TOO_TWO,d2b0bb9cd0fcf2fcb3f49a9d898347287bbcbc4bbe6c391a71a517ef5028df58,VALID,,true,infinitive,governed_infinitive,[],non-gold-v3-there-their-theyre-0069-to-too-two-02,Katie Sanderson,2026-09-10T18:03:04Z,true,false,Katie Sanderson reviewed and copied this human decision.
1,v3-there-their-theyre-0072-to-too-two-01,TO_TOO_TWO,b8b110ce14630d0a83b09814c8369f101d6c8d7dd21e04512ac69c07d9f7f975,VALID,,true,numeral,ordinary_count_numeral,[],non-gold-v3-there-their-theyre-0072-to-too-two-01,Katie Sanderson,2026-09-10T18:03:04Z,true,false,Katie Sanderson reviewed and copied this human decision.
1,v3-there-their-theyre-0072-to-too-two-02,TO_TOO_TWO,ab096eb19408ecc52cf5f18696a2ad3ee6a590522859ce5360ac6cd00f095d58,VALID,,true,infinitive,governed_infinitive,[],non-gold-v3-there-their-theyre-0072-to-too-two-02,Katie Sanderson,2026-09-10T18:03:04Z,true,false,Katie Sanderson reviewed and copied this human decision.
1,v3-there-their-theyre-0074-to-too-two-01,TO_TOO_TWO,1c3debbbeb4eaaff0d460824592ae48a0fb7d84cbf501c97be2e151ab19be028,VALID,,true,infinitive,governed_infinitive,[],non-gold-v3-there-their-theyre-0074-to-too-two-01,Katie Sanderson,2026-09-10T18:03:04Z,true,false,Katie Sanderson reviewed and copied this human decision.
1,v3-there-their-theyre-0077-to-too-two-01,TO_TOO_TWO,19390bf23cccac3b4184020b59e0972f2e068d8aeae6de8bd7c0579022f44e1a,VALID,,true,numeral,ordinary_count_numeral,[],non-gold-v3-there-their-theyre-0077-to-too-two-01,Katie Sanderson,2026-09-10T18:03:04Z,true,false,Katie Sanderson reviewed and copied this human decision.
1,v3-there-their-theyre-0077-to-too-two-02,TO_TOO_TWO,160bb6aa0c14a594d349f8287ac4c82c1cce03e37e367126bab7437513e7b220,VALID,,true,infinitive,governed_infinitive,[],non-gold-v3-there-their-theyre-0077-to-too-two-02,Katie Sanderson,2026-09-10T18:03:04Z,true,false,Katie Sanderson reviewed and copied this human decision.
1,v3-there-their-theyre-0081-to-too-two-01,TO_TOO_TWO,0a1691cecd19d4407634dbc7f01fb508fa7e22c548238a70a8d61d730b73d0a9,VALID,,true,preposition,destination_or_recipient_preposition,[],non-gold-v3-there-their-theyre-0081-to-too-two-01,Katie Sanderson,2026-09-10T18:03:04Z,true,false,Katie Sanderson reviewed and copied this human decision.
1,v3-there-their-theyre-0082-to-too-two-01,TO_TOO_TWO,f9a23b1f50a0d55aa4b409a39353057fdf5c2854522b57f46313afbd9e7ec248,VALID,,true,preposition,destination_or_recipient_preposition,[],non-gold-v3-there-their-theyre-0082-to-too-two-01,Katie Sanderson,2026-09-10T18:03:04Z,true,false,Katie Sanderson reviewed and copied this human decision.
1,v3-there-their-theyre-0082-to-too-two-02,TO_TOO_TWO,2f7734426cc3df47869d5ea34619512cd0df2525ed316525a62e2c2df7e5f022,VALID,,true,infinitive,governed_infinitive,[],non-gold-v3-there-their-theyre-0082-to-too-two-02,Katie Sanderson,2026-09-10T18:03:04Z,true,false,Katie Sanderson reviewed and copied this human decision.
1,v3-there-their-theyre-0086-to-too-two-01,TO_TOO_TWO,bcd737be6a21a85e0cbadecd31b05ff740a6ca31be8ff38f90d2bd6f502952ac,VALID,,true,preposition,destination_or_recipient_preposition,[],non-gold-v3-there-their-theyre-0086-to-too-two-01,Katie Sanderson,2026-09-10T18:03:04Z,true,false,Katie Sanderson reviewed and copied this human decision.
1,v3-there-their-theyre-0086-to-too-two-02,TO_TOO_TWO,923498f7203b7607ef7f0c756dd43d9be126808a63c45fcf5e7a85981bca450c,VALID,,true,preposition,destination_or_recipient_preposition,[],non-gold-v3-there-their-theyre-0086-to-too-two-02,Katie Sanderson,2026-09-10T18:03:04Z,true,false,Katie Sanderson reviewed and copied this human decision.
1,v3-there-their-theyre-0089-to-too-two-01,TO_TOO_TWO,ea36906e13d9f0f7e12dc59ef40681622f79d5b836c2a659430707bf7f3665d7,VALID,,true,preposition,destination_or_recipient_preposition,[],non-gold-v3-there-their-theyre-0089-to-too-two-01,Katie Sanderson,2026-09-10T18:03:04Z,true,false,Katie Sanderson reviewed and copied this human decision.
1,v3-there-their-theyre-0090-to-too-two-01,TO_TOO_TWO,38475ec3f7a7c239035211ecb8c2125089eb4f861e6de08d7fed7d3aef60e218,VALID,,true,preposition,destination_or_recipient_preposition,[],non-gold-v3-there-their-theyre-0090-to-too-two-01,Katie Sanderson,2026-09-10T18:03:04Z,true,false,Katie Sanderson reviewed and copied this human decision.
1,v3-there-their-theyre-0093-to-too-two-01,TO_TOO_TWO,dd84aae19f762f73aa5eae430eda3b98a8689477494e6c49e4b31bf318fc50ba,VALID,,true,infinitive,governed_infinitive,[],non-gold-v3-there-their-theyre-0093-to-too-two-01,Katie Sanderson,2026-09-10T18:03:04Z,true,false,Katie Sanderson reviewed and copied this human decision.
1,v3-there-their-theyre-0098-to-too-two-01,TO_TOO_TWO,e8e7188cbcd2b54efd869081f1eb60a03c9da098c81f91a4789957586cc6747e,VALID,,true,preposition,destination_or_recipient_preposition,[],non-gold-v3-there-their-theyre-0098-to-too-two-01,Katie Sanderson,2026-09-10T18:03:04Z,true,false,Katie Sanderson reviewed and copied this human decision.
1,v3-there-their-theyre-0099-to-too-two-01,TO_TOO_TWO,4cef62152701035b361d14da68533af46160788517fc3af5b66f4bab6a09be79,VALID,,true,infinitive,governed_infinitive,[],non-gold-v3-there-their-theyre-0099-to-too-two-01,Katie Sanderson,2026-09-10T18:03:04Z,true,false,Katie Sanderson reviewed and copied this human decision.
1,v3-there-their-theyre-0100-to-too-two-01,TO_TOO_TWO,1483a3ac04e75ed0d975d4a25fc036ce91bd588176d2d2a372e7336844c031d3,VALID,,true,infinitive,governed_infinitive,[],non-gold-v3-there-their-theyre-0100-to-too-two-01,Katie Sanderson,2026-09-10T18:03:04Z,true,false,Katie Sanderson reviewed and copied this human decision.
1,v3-there-their-theyre-0101-to-too-two-01,TO_TOO_TWO,38d8ce448fdd6b152c43c4937e7581f6a25aee90c602f7f0e262c21dac5b52f0,VALID,,true,infinitive,governed_infinitive,[],non-gold-v3-there-their-theyre-0101-to-too-two-01,Katie Sanderson,2026-09-10T18:03:04Z,true,false,Katie Sanderson reviewed and copied this human decision.
1,v3-there-their-theyre-0104-to-too-two-01,TO_TOO_TWO,13517cacfeb963fa737f8bcb3372dcc48557f397cae4c775e608d5c0d884ad43,VALID,,true,preposition,destination_or_recipient_preposition,[],non-gold-v3-there-their-theyre-0104-to-too-two-01,Katie Sanderson,2026-09-10T18:03:04Z,true,false,Katie Sanderson reviewed and copied this human decision.
1,v3-there-their-theyre-0105-to-too-two-01,TO_TOO_TWO,a604e07ea12736cdc059d5fcfb2e13c4c49301fe417da69fcc65cfb96f970094,VALID,,true,preposition,destination_or_recipient_preposition,[],non-gold-v3-there-their-theyre-0105-to-too-two-01,Katie Sanderson,2026-09-10T18:03:04Z,true,false,Katie Sanderson reviewed and copied this human decision.
1,v3-there-their-theyre-0109-to-too-two-01,TO_TOO_TWO,e26d1538451d365befd733a9e8c77f734c261099c7e4647fa4b125b0dbbd04f9,VALID,,true,preposition,destination_or_recipient_preposition,[],non-gold-v3-there-their-theyre-0109-to-too-two-01,Katie Sanderson,2026-09-10T18:03:04Z,true,false,Katie Sanderson reviewed and copied this human decision.
1,v3-there-their-theyre-0111-to-too-two-01,TO_TOO_TWO,5c75994964b628f71c965ede8618fddaf9ed243a09cc2550e19739e8c9c78fbe,VALID,,true,infinitive,governed_infinitive,[],non-gold-v3-there-their-theyre-0111-to-too-two-01,Katie Sanderson,2026-09-10T18:03:04Z,true,false,Katie Sanderson reviewed and copied this human decision.
1,v3-there-their-theyre-0112-to-too-two-01,TO_TOO_TWO,7962beb95857e5808006dbefaf7a47526e43d7149e1519b58364496dca63a10c,VALID,,true,infinitive,governed_infinitive,[],non-gold-v3-there-their-theyre-0112-to-too-two-01,Katie Sanderson,2026-09-10T18:03:04Z,true,false,Katie Sanderson reviewed and copied this human decision.
1,v3-there-their-theyre-0117-to-too-two-01,TO_TOO_TWO,a0a2c99a73c0ff07139cf36474aeba93518a721ddc83434f00b4739927a65f9a,VALID,,true,preposition,destination_or_recipient_preposition,[],non-gold-v3-there-their-theyre-0117-to-too-two-01,Katie Sanderson,2026-09-10T18:03:04Z,true,false,Katie Sanderson reviewed and copied this human decision.
1,v3-there-their-theyre-0119-to-too-two-01,TO_TOO_TWO,9e29b049d28480413503a3032b834aac5a652ac2bf5954425b3b3e96f756cac3,VALID,,true,infinitive,governed_infinitive,[],non-gold-v3-there-their-theyre-0119-to-too-two-01,Katie Sanderson,2026-09-10T18:03:04Z,true,false,Katie Sanderson reviewed and copied this human decision.
1,v3-there-their-theyre-0122-to-too-two-01,TO_TOO_TWO,3ad3e2a8d21725777cc1a7c94fd664589413c43a3d29964e3a943488dcbafe78,VALID,,true,infinitive,governed_infinitive,[],non-gold-v3-there-their-theyre-0122-to-too-two-01,Katie Sanderson,2026-09-10T18:03:04Z,true,false,Katie Sanderson reviewed and copied this human decision.
1,v3-there-their-theyre-0123-to-too-two-01,TO_TOO_TWO,72c38f9d209a60c7928e3eea65fb3abc7e971e6f86b94ca93dca31c46d0269a5,VALID,,true,infinitive,governed_infinitive,[],non-gold-v3-there-their-theyre-0123-to-too-two-01,Katie Sanderson,2026-09-10T18:03:04Z,true,false,Katie Sanderson reviewed and copied this human decision.
1,v3-there-their-theyre-0124-to-too-two-01,TO_TOO_TWO,c10670d26239d49c4f0ec36a4f0c3434649e8bd0c650d3c1d633f49b57af824d,VALID,,true,infinitive,governed_infinitive,[],non-gold-v3-there-their-theyre-0124-to-too-two-01,Katie Sanderson,2026-09-10T18:03:04Z,true,false,Katie Sanderson reviewed and copied this human decision.
1,v3-there-their-theyre-0126-to-too-two-01,TO_TOO_TWO,91c82fb04571c7bb57618e774c52e2f296a608988cf3a59e3b111ee165737c6d,VALID,,true,infinitive,governed_infinitive,[],non-gold-v3-there-their-theyre-0126-to-too-two-01,Katie Sanderson,2026-09-10T18:03:04Z,true,false,Katie Sanderson reviewed and copied this human decision.
1,v3-there-their-theyre-0126-to-too-two-02,TO_TOO_TWO,97a6e089cc3fc6e33e8e49eacff3b78a2bea0ec6bf2b6b44feb847ceb5f26a00,VALID,,true,infinitive,governed_infinitive,[],non-gold-v3-there-their-theyre-0126-to-too-two-02,Katie Sanderson,2026-09-10T18:03:04Z,true,false,Katie Sanderson reviewed and copied this human decision.
1,v3-there-their-theyre-0127-to-too-two-01,TO_TOO_TWO,36df4543c973985f172a0dc668a565dcc8ef691818cedc5b9003a1f0d57dfa17,VALID,,true,infinitive,governed_infinitive,[],non-gold-v3-there-their-theyre-0127-to-too-two-01,Katie Sanderson,2026-09-10T18:03:04Z,true,false,Katie Sanderson reviewed and copied this human decision.
1,v3-there-their-theyre-0130-to-too-two-01,TO_TOO_TWO,4399feacbc1c54fff0b5ec011d201cd8bfac2367b7a463b321844ff766c27f50,VALID,,true,infinitive,governed_infinitive,[],non-gold-v3-there-their-theyre-0130-to-too-two-01,Katie Sanderson,2026-09-10T18:03:04Z,true,false,Katie Sanderson reviewed and copied this human decision.
1,v3-there-their-theyre-0130-to-too-two-02,TO_TOO_TWO,dccede40926912937e658671df56041ca80eb9d4c7f8592939615c176ab5f9fe,VALID,,true,preposition,destination_or_recipient_preposition,[],non-gold-v3-there-their-theyre-0130-to-too-two-02,Katie Sanderson,2026-09-10T18:03:04Z,true,false,Katie Sanderson reviewed and copied this human decision.
1,v3-there-their-theyre-0131-to-too-two-01,TO_TOO_TWO,2d0caab2ff47b91f91f362759c75a63c323c73475fc296bfecb2fe9fc2de50a0,VALID,,true,infinitive,governed_infinitive,[],non-gold-v3-there-their-theyre-0131-to-too-two-01,Katie Sanderson,2026-09-10T18:03:04Z,true,false,Katie Sanderson reviewed and copied this human decision.
1,v3-there-their-theyre-0132-to-too-two-01,TO_TOO_TWO,6d4772ed5eeef131036b01c51820ca5f44d7f2c00f7c9be67d6626773987b608,VALID,,true,infinitive,governed_infinitive,[],non-gold-v3-there-their-theyre-0132-to-too-two-01,Katie Sanderson,2026-09-10T18:03:04Z,true,false,Katie Sanderson reviewed and copied this human decision.
1,v3-there-their-theyre-0135-to-too-two-01,TO_TOO_TWO,4cb2fa62c4ed2abd190ea5000a716d2cbcd881cb2780ea5445a473d0911d8e52,VALID,,true,infinitive,governed_infinitive,[],non-gold-v3-there-their-theyre-0135-to-too-two-01,Katie Sanderson,2026-09-10T18:03:04Z,true,false,Katie Sanderson reviewed and copied this human decision.
1,v3-there-their-theyre-0140-to-too-two-01,TO_TOO_TWO,a76b2b98fb4ed21b65686b6ac770c5a0d760f58a8a7a6c78dcef74420ee1af25,VALID,,true,infinitive,governed_infinitive,[],non-gold-v3-there-their-theyre-0140-to-too-two-01,Katie Sanderson,2026-09-10T18:03:04Z,true,false,Katie Sanderson reviewed and copied this human decision.
1,v3-there-their-theyre-0141-to-too-two-01,TO_TOO_TWO,2e88001c51147769193a7d2e8b7a20e5be21ced322a4dc19b6ec6897200c6929,VALID,,true,infinitive,governed_infinitive,[],non-gold-v3-there-their-theyre-0141-to-too-two-01,Katie Sanderson,2026-09-10T18:03:04Z,true,false,Katie Sanderson reviewed and copied this human decision.
1,v3-there-their-theyre-0144-to-too-two-01,TO_TOO_TWO,5df3e50a9d0a37bb2029fb806573b2f11c9b112791c0db75d686d1b4b55998f3,VALID,,true,infinitive,governed_infinitive,[],non-gold-v3-there-their-theyre-0144-to-too-two-01,Katie Sanderson,2026-09-10T18:03:04Z,true,false,Katie Sanderson reviewed and copied this human decision.
1,v3-there-their-theyre-0144-to-too-two-02,TO_TOO_TWO,b543203e126af1c881d8f6668641c2f9f249367b68694d2c73c396256473a424,VALID,,true,preposition,destination_or_recipient_preposition,[],non-gold-v3-there-their-theyre-0144-to-too-two-02,Katie Sanderson,2026-09-10T18:03:04Z,true,false,Katie Sanderson reviewed and copied this human decision.
1,v3-there-their-theyre-0146-to-too-two-01,TO_TOO_TWO,ff3b9994f2277a5a956d4c9e8f8429a9986248166dbf503412c06348d977b9c9,VALID,,true,infinitive,governed_infinitive,[],non-gold-v3-there-their-theyre-0146-to-too-two-01,Katie Sanderson,2026-09-10T18:03:04Z,true,false,Katie Sanderson reviewed and copied this human decision.
1,v3-there-their-theyre-0147-to-too-two-01,TO_TOO_TWO,ef93c3fca4249816dfeeff6d55a78c7e57b28eb3e93c8a770d42446dacd0ee6a,VALID,,true,infinitive,governed_infinitive,[],non-gold-v3-there-their-theyre-0147-to-too-two-01,Katie Sanderson,2026-09-10T18:03:04Z,true,false,Katie Sanderson reviewed and copied this human decision.
1,v3-there-their-theyre-0149-to-too-two-01,TO_TOO_TWO,1fa06d9fb254ccc97ab43d9575e15c873df2ac0aa405406bbd4c99825ad36351,VALID,,true,infinitive,governed_infinitive,[],non-gold-v3-there-their-theyre-0149-to-too-two-01,Katie Sanderson,2026-09-10T18:03:04Z,true,false,Katie Sanderson reviewed and copied this human decision.
1,v3-there-their-theyre-0149-to-too-two-02,TO_TOO_TWO,02e8981057be017c86bc0f035da876d2a86b29f99147fd806c4072ea8946c98f,VALID,,true,preposition,destination_or_recipient_preposition,[],non-gold-v3-there-their-theyre-0149-to-too-two-02,Katie Sanderson,2026-09-10T18:03:04Z,true,false,Katie Sanderson reviewed and copied this human decision.
1,v3-there-their-theyre-0150-to-too-two-01,TO_TOO_TWO,3d221fcefa0ccef4589cb116dfded2b39f142b1dff0b6c455ea898f60c84858c,VALID,,true,infinitive,governed_infinitive,[],non-gold-v3-there-their-theyre-0150-to-too-two-01,Katie Sanderson,2026-09-10T18:03:04Z,true,false,Katie Sanderson reviewed and copied this human decision.
1,v3-there-their-theyre-0151-to-too-two-01,TO_TOO_TWO,cd890fa9c2f971d44424dbc1cfe3402d89c8e765cf5fafb39ec7d8df371326d6,VALID,,true,infinitive,governed_infinitive,[],non-gold-v3-there-their-theyre-0151-to-too-two-01,Katie Sanderson,2026-09-10T18:03:04Z,true,false,Katie Sanderson reviewed and copied this human decision.
1,v3-there-their-theyre-0153-to-too-two-01,TO_TOO_TWO,c0cac40df43f47f6fb68524e4e999c613400ecb8eec5e02646c443214af0cdc1,VALID,,true,preposition,destination_or_recipient_preposition,[],non-gold-v3-there-their-theyre-0153-to-too-two-01,Katie Sanderson,2026-09-10T18:03:04Z,true,false,Katie Sanderson reviewed and copied this human decision.
1,v3-there-their-theyre-0153-to-too-two-02,TO_TOO_TWO,09aec18fc95639bb52637369ef8a441fc3cbb33aa65d3cff637c5a3c0fa0b9d9,VALID,,true,infinitive,governed_infinitive,[],non-gold-v3-there-their-theyre-0153-to-too-two-02,Katie Sanderson,2026-09-10T18:03:04Z,true,false,Katie Sanderson reviewed and copied this human decision.
1,v3-there-their-theyre-0154-to-too-two-01,TO_TOO_TWO,bfa9caabffdaebe4a3c1892f2f180e08a837594fcf28b2efc1ad7238d081d087,VALID,,true,infinitive,governed_infinitive,[],non-gold-v3-there-their-theyre-0154-to-too-two-01,Katie Sanderson,2026-09-10T18:03:04Z,true,false,Katie Sanderson reviewed and copied this human decision.
1,v3-there-their-theyre-0156-to-too-two-01,TO_TOO_TWO,fe5839e28f8582613de5edeb084aeddb4ecf25834c7b42a0eb399cd32f9958a6,VALID,,true,infinitive,governed_infinitive,[],non-gold-v3-there-their-theyre-0156-to-too-two-01,Katie Sanderson,2026-09-10T18:03:04Z,true,false,Katie Sanderson reviewed and copied this human decision.
1,v3-there-their-theyre-0158-to-too-two-01,TO_TOO_TWO,28a528f3f3306dcb699db3d172ee730abee16471ff2e73d78fb8b024948f9557,VALID,,true,infinitive,governed_infinitive,[],non-gold-v3-there-their-theyre-0158-to-too-two-01,Katie Sanderson,2026-09-10T18:03:04Z,true,false,Katie Sanderson reviewed and copied this human decision.
1,v3-there-their-theyre-0161-to-too-two-01,TO_TOO_TWO,b2e30fb28e1dd650be9cfbfd7c205610c9aab20436ed07ed3cf46e50d0d9b03f,VALID,,true,preposition,destination_or_recipient_preposition,[],non-gold-v3-there-their-theyre-0161-to-too-two-01,Katie Sanderson,2026-09-10T18:03:04Z,true,false,Katie Sanderson reviewed and copied this human decision.
1,v3-there-their-theyre-0164-to-too-two-01,TO_TOO_TWO,4e26197d5de5acb5d0683939b30fde711fb5e6a59a1d7b7cf3d6a4db84d0c541,VALID,,true,preposition,destination_or_recipient_preposition,[],non-gold-v3-there-their-theyre-0164-to-too-two-01,Katie Sanderson,2026-09-10T18:03:04Z,true,false,Katie Sanderson reviewed and copied this human decision.
1,v3-there-their-theyre-0164-to-too-two-02,TO_TOO_TWO,0a8a9defeea4101d5c9ff2657148e2c8c11ff9a333770ef848ae65d8bbd6099a,VALID,,true,infinitive,governed_infinitive,[],non-gold-v3-there-their-theyre-0164-to-too-two-02,Katie Sanderson,2026-09-10T18:03:04Z,true,false,Katie Sanderson reviewed and copied this human decision.
1,v3-there-their-theyre-0165-to-too-two-01,TO_TOO_TWO,f35a0002f2dd744e20d0ed9ba10ebbf546517087c5a34e3d5b2cf0cf78224d91,VALID,,true,preposition,destination_or_recipient_preposition,[],non-gold-v3-there-their-theyre-0165-to-too-two-01,Katie Sanderson,2026-09-10T18:03:04Z,true,false,Katie Sanderson reviewed and copied this human decision.
1,v3-there-their-theyre-0168-to-too-two-01,TO_TOO_TWO,225257eba2eceb7b98d98a9a22d24cd91b30fa9d467875cc23e25717c238f7e7,VALID,,true,infinitive,governed_infinitive,[],non-gold-v3-there-their-theyre-0168-to-too-two-01,Katie Sanderson,2026-09-10T18:03:04Z,true,false,Katie Sanderson reviewed and copied this human decision.
1,v3-there-their-theyre-0169-to-too-two-01,TO_TOO_TWO,b53b89f117fdf8bfe017405b76a9b32f93e367590a83e318bc3f994da3b94e94,VALID,,true,preposition,destination_or_recipient_preposition,[],non-gold-v3-there-their-theyre-0169-to-too-two-01,Katie Sanderson,2026-09-10T18:03:04Z,true,false,Katie Sanderson reviewed and copied this human decision.
1,v3-there-their-theyre-0170-to-too-two-01,TO_TOO_TWO,d8b6fbba912949b380c945e23cdc7c54c9e295c217451d881d3018ebedbb12f6,VALID,,true,preposition,destination_or_recipient_preposition,[],non-gold-v3-there-their-theyre-0170-to-too-two-01,Katie Sanderson,2026-09-10T18:03:04Z,true,false,Katie Sanderson reviewed and copied this human decision.
1,v3-there-their-theyre-0170-to-too-two-02,TO_TOO_TWO,7ce11ccf8a662a644474bc5a9e638014d19e687778e64b5c7216418de90cd162,VALID,,true,infinitive,governed_infinitive,[],non-gold-v3-there-their-theyre-0170-to-too-two-02,Katie Sanderson,2026-09-10T18:03:04Z,true,false,Katie Sanderson reviewed and copied this human decision.
1,v3-there-their-theyre-0171-to-too-two-01,TO_TOO_TWO,75e87193de5df67697f76d4e143c38d16ca686440b8167b07beb296104857e0b,VALID,,true,preposition,destination_or_recipient_preposition,[],non-gold-v3-there-their-theyre-0171-to-too-two-01,Katie Sanderson,2026-09-10T18:03:04Z,true,false,Katie Sanderson reviewed and copied this human decision.
1,v3-there-their-theyre-0171-to-too-two-02,TO_TOO_TWO,70e6ec38b20f4a33143bbbabb10f3c85509ef14a1c9c6d611f7b3313c04c7c2a,VALID,,true,infinitive,governed_infinitive,[],non-gold-v3-there-their-theyre-0171-to-too-two-02,Katie Sanderson,2026-09-10T18:03:04Z,true,false,Katie Sanderson reviewed and copied this human decision.
1,v3-there-their-theyre-0174-to-too-two-01,TO_TOO_TWO,d0f15c1e1d067f4172f81338e0b31baef77046a65d20676a86c83102b95a8880,VALID,,true,infinitive,governed_infinitive,[],non-gold-v3-there-their-theyre-0174-to-too-two-01,Katie Sanderson,2026-09-10T18:03:04Z,true,false,Katie Sanderson reviewed and copied this human decision.
1,v3-there-their-theyre-0176-to-too-two-01,TO_TOO_TWO,a38b7ebcf7ce38cb3a5ab25246263f130f80b4fe5ec4b6bd6b5f09cda0eaf02b,VALID,,true,preposition,destination_or_recipient_preposition,[],non-gold-v3-there-their-theyre-0176-to-too-two-01,Katie Sanderson,2026-09-10T18:03:04Z,true,false,Katie Sanderson reviewed and copied this human decision.
1,v3-there-their-theyre-0177-to-too-two-01,TO_TOO_TWO,293e0e5b5bb611bdaaeeff55e0b7bedb4ed343068f2fa7652b4387c21ba37f64,VALID,,true,preposition,destination_or_recipient_preposition,[],non-gold-v3-there-their-theyre-0177-to-too-two-01,Katie Sanderson,2026-09-10T18:03:04Z,true,false,Katie Sanderson reviewed and copied this human decision.
1,v3-there-their-theyre-0181-to-too-two-01,TO_TOO_TWO,547b076e36cee4e973e41fc973add864f0173625b009f94d91ef5ed1d45eeae9,VALID,,true,preposition,destination_or_recipient_preposition,[],non-gold-v3-there-their-theyre-0181-to-too-two-01,Katie Sanderson,2026-09-10T18:03:04Z,true,false,Katie Sanderson reviewed and copied this human decision.
1,v3-there-their-theyre-0181-to-too-two-02,TO_TOO_TWO,fd7fed4b4871aaf7c02f02cbaf3f201dd6f3b7a9cb42c6ed96557416e3b25fd6,VALID,,true,preposition,destination_or_recipient_preposition,[],non-gold-v3-there-their-theyre-0181-to-too-two-02,Katie Sanderson,2026-09-10T18:03:04Z,true,false,Katie Sanderson reviewed and copied this human decision.
1,v3-there-their-theyre-0182-to-too-two-01,TO_TOO_TWO,58a44cdde589c3ac7c2bc95eea24f64ecdeaeb8dda6a4cef662674a8528efb5c,VALID,,true,preposition,destination_or_recipient_preposition,[],non-gold-v3-there-their-theyre-0182-to-too-two-01,Katie Sanderson,2026-09-10T18:03:04Z,true,false,Katie Sanderson reviewed and copied this human decision.
1,v3-there-their-theyre-0182-to-too-two-02,TO_TOO_TWO,49cbee2d671b5b371a89f4e5aabe416060dd0f42816868f973dad28345323f49,VALID,,true,infinitive,governed_infinitive,[],non-gold-v3-there-their-theyre-0182-to-too-two-02,Katie Sanderson,2026-09-10T18:03:04Z,true,false,Katie Sanderson reviewed and copied this human decision.
1,v3-there-their-theyre-0185-to-too-two-01,TO_TOO_TWO,b5cd87f7c683fd8a7bd38605d705d8593c7de8b90df54ee555ef406abb4cbaa1,VALID,,true,infinitive,governed_infinitive,[],non-gold-v3-there-their-theyre-0185-to-too-two-01,Katie Sanderson,2026-09-10T18:03:04Z,true,false,Katie Sanderson reviewed and copied this human decision.
1,v3-there-their-theyre-0187-to-too-two-01,TO_TOO_TWO,0e208ae41e925a9aa259ee6edb6fd2db2b29435894b2ca3f55239768e7194109,VALID,,true,infinitive,governed_infinitive,[],non-gold-v3-there-their-theyre-0187-to-too-two-01,Katie Sanderson,2026-09-10T18:03:04Z,true,false,Katie Sanderson reviewed and copied this human decision.
1,v3-there-their-theyre-0188-to-too-two-01,TO_TOO_TWO,1c5c0bffb678124b7c742205c344e32d360fc0f4e9dfafe3605645c22c479c19,VALID,,true,infinitive,governed_infinitive,[],non-gold-v3-there-their-theyre-0188-to-too-two-01,Katie Sanderson,2026-09-10T18:03:04Z,true,false,Katie Sanderson reviewed and copied this human decision.
1,v3-there-their-theyre-0189-to-too-two-01,TO_TOO_TWO,66b8aac82c0854bf31ea288345d78271264b7c2e50380e975a9db80c2aa25050,VALID,,true,infinitive,governed_infinitive,[],non-gold-v3-there-their-theyre-0189-to-too-two-01,Katie Sanderson,2026-09-10T18:03:04Z,true,false,Katie Sanderson reviewed and copied this human decision.
1,v3-there-their-theyre-0192-to-too-two-01,TO_TOO_TWO,86484c830985516f40353b9749994f494556e21239a9e05f7c7a40c2604b1b88,VALID,,true,preposition,destination_or_recipient_preposition,[],non-gold-v3-there-their-theyre-0192-to-too-two-01,Katie Sanderson,2026-09-10T18:03:04Z,true,false,Katie Sanderson reviewed and copied this human decision.
1,v3-there-their-theyre-0195-to-too-two-01,TO_TOO_TWO,d1be2a68b1d4e0b909caa48bfe5ae57c4f984aa2342d622650182f67f4921222,VALID,,true,infinitive,governed_infinitive,[],non-gold-v3-there-their-theyre-0195-to-too-two-01,Katie Sanderson,2026-09-10T18:03:04Z,true,false,Katie Sanderson reviewed and copied this human decision.
1,v3-there-their-theyre-0198-to-too-two-01,TO_TOO_TWO,f791486b01ff6524f6a1050fc9b4d03b64fd9e9b193624b4056d39abe79f4163,VALID,,true,infinitive,governed_infinitive,[],non-gold-v3-there-their-theyre-0198-to-too-two-01,Katie Sanderson,2026-09-10T18:03:04Z,true,false,Katie Sanderson reviewed and copied this human decision.
1,v3-there-their-theyre-0200-to-too-two-01,TO_TOO_TWO,008bf9d812f72911d2e92fa7ec6bd712097eb1d731f6676c3377b2be5d66705e,VALID,,true,infinitive,governed_infinitive,[],non-gold-v3-there-their-theyre-0200-to-too-two-01,Katie Sanderson,2026-09-10T18:03:04Z,true,false,Katie Sanderson reviewed and copied this human decision.
1,v3-there-their-theyre-0201-to-too-two-01,TO_TOO_TWO,7e1ea6f755e1be6b29cc04bc0e04c6cd082598d63fa62f7a61699bf0d40fc46f,VALID,,true,infinitive,governed_infinitive,[],non-gold-v3-there-their-theyre-0201-to-too-two-01,Katie Sanderson,2026-09-10T18:03:04Z,true,false,Katie Sanderson reviewed and copied this human decision.
1,v3-there-their-theyre-0203-to-too-two-01,TO_TOO_TWO,ce7a1ecd2115dacdcfb2ce55c7b02d85649acea15f354753a0877fa3e662dd3d,VALID,,true,infinitive,governed_infinitive,[],non-gold-v3-there-their-theyre-0203-to-too-two-01,Katie Sanderson,2026-09-10T18:03:04Z,true,false,Katie Sanderson reviewed and copied this human decision.
1,v3-there-their-theyre-0203-to-too-two-02,TO_TOO_TWO,c4191b2ee3345d7d1432cf368a465bbca700fe5f614955b9b1951f4bb500ce7a,VALID,,true,infinitive,governed_infinitive,[],non-gold-v3-there-their-theyre-0203-to-too-two-02,Katie Sanderson,2026-09-10T18:03:04Z,true,false,Katie Sanderson reviewed and copied this human decision.
1,v3-there-their-theyre-0205-to-too-two-01,TO_TOO_TWO,63a4d3b0a09508bccf722c92e1f9825a4e3eb067b5a9e2083b993116b65cc933,VALID,,true,infinitive,governed_infinitive,[],non-gold-v3-there-their-theyre-0205-to-too-two-01,Katie Sanderson,2026-09-10T18:03:04Z,true,false,Katie Sanderson reviewed and copied this human decision.
1,v3-there-their-theyre-0206-to-too-two-01,TO_TOO_TWO,631da4011a07b00e17c73ece405b0a3613fd2970af06e463be8f727187da776e,VALID,,true,infinitive,governed_infinitive,[],non-gold-v3-there-their-theyre-0206-to-too-two-01,Katie Sanderson,2026-09-10T18:03:04Z,true,false,Katie Sanderson reviewed and copied this human decision.
1,v3-there-their-theyre-0206-to-too-two-02,TO_TOO_TWO,00629bad51375a989d330b735f179dda0b0bbae7d4a657834b30d93c85627ce0,VALID,,true,infinitive,governed_infinitive,[],non-gold-v3-there-their-theyre-0206-to-too-two-02,Katie Sanderson,2026-09-10T18:03:04Z,true,false,Katie Sanderson reviewed and copied this human decision.
1,v3-there-their-theyre-0207-to-too-two-01,TO_TOO_TWO,3c350a4745bb98ae3157a056fcfd7d56ddfb8a63c33dd8518b7a26d61863bde7,VALID,,true,infinitive,governed_infinitive,[],non-gold-v3-there-their-theyre-0207-to-too-two-01,Katie Sanderson,2026-09-10T18:03:04Z,true,false,Katie Sanderson reviewed and copied this human decision.
1,v3-there-their-theyre-0208-to-too-two-01,TO_TOO_TWO,4531f2e332443bcec0975c6dd1eb22105d54d48388d644c4a5e2bf46e17e725d,VALID,,true,infinitive,governed_infinitive,[],non-gold-v3-there-their-theyre-0208-to-too-two-01,Katie Sanderson,2026-09-10T18:03:04Z,true,false,Katie Sanderson reviewed and copied this human decision.
1,v3-there-their-theyre-0210-to-too-two-01,TO_TOO_TWO,3e9fc0d5f3a1d625836738d9dc6bbc5d70a76e3559fd519ef08b520a06086374,VALID,,true,infinitive,governed_infinitive,[],non-gold-v3-there-their-theyre-0210-to-too-two-01,Katie Sanderson,2026-09-10T18:03:04Z,true,false,Katie Sanderson reviewed and copied this human decision.
1,v3-there-their-theyre-0211-to-too-two-01,TO_TOO_TWO,cf674f1a435d24658edac4b77b0e7005feb2efb82c36eba1dd1605b8fa145ce3,VALID,,true,infinitive,governed_infinitive,[],non-gold-v3-there-their-theyre-0211-to-too-two-01,Katie Sanderson,2026-09-10T18:03:04Z,true,false,Katie Sanderson reviewed and copied this human decision.
1,v3-there-their-theyre-0213-to-too-two-01,TO_TOO_TWO,1c8852cc415f41c740b2fcc96d54aa9e2963a8501c19a051fd9233f14eb1c3c0,VALID,,true,infinitive,governed_infinitive,[],non-gold-v3-there-their-theyre-0213-to-too-two-01,Katie Sanderson,2026-09-10T18:03:04Z,true,false,Katie Sanderson reviewed and copied this human decision.
1,v3-there-their-theyre-0216-to-too-two-01,TO_TOO_TWO,5b0d3ab11f2f20de63961b56e360e254dbc1618636e0fe97e52a546f8af88554,VALID,,true,infinitive,governed_infinitive,[],non-gold-v3-there-their-theyre-0216-to-too-two-01,Katie Sanderson,2026-09-10T18:03:04Z,true,false,Katie Sanderson reviewed and copied this human decision.
1,v3-there-their-theyre-0216-to-too-two-02,TO_TOO_TWO,c9cb3dbc78b4b92a4abc6c178069f6ed9b1b7930165ab1a87bea7f8b42734416,VALID,,true,preposition,destination_or_recipient_preposition,[],non-gold-v3-there-their-theyre-0216-to-too-two-02,Katie Sanderson,2026-09-10T18:03:04Z,true,false,Katie Sanderson reviewed and copied this human decision.
1,v3-there-their-theyre-0217-to-too-two-01,TO_TOO_TWO,cc2091156e065d3791cf4c2c4f52f8313ff6791913ff7c6509259fe6d9fa525a,VALID,,true,preposition,destination_or_recipient_preposition,[],non-gold-v3-there-their-theyre-0217-to-too-two-01,Katie Sanderson,2026-09-10T18:03:04Z,true,false,Katie Sanderson reviewed and copied this human decision.
1,v3-there-their-theyre-0219-to-too-two-01,TO_TOO_TWO,56fcc79850610e0c65af732e7066bc1d3efa5e6bd58c5ea71709c5f0b47b4fe4,VALID,,true,infinitive,governed_infinitive,[],non-gold-v3-there-their-theyre-0219-to-too-two-01,Katie Sanderson,2026-09-10T18:03:04Z,true,false,Katie Sanderson reviewed and copied this human decision.
1,v3-there-their-theyre-0219-to-too-two-02,TO_TOO_TWO,1c95200d08c7aa7ce697c70a188b8b319873b263b1b7ebe96e9467b2320bb4ae,VALID,,true,preposition,destination_or_recipient_preposition,[],non-gold-v3-there-their-theyre-0219-to-too-two-02,Katie Sanderson,2026-09-10T18:03:04Z,true,false,Katie Sanderson reviewed and copied this human decision.
1,v3-there-their-theyre-0225-to-too-two-01,TO_TOO_TWO,377c7dd59b5db63970362544fb76d51815255816b4aced5044ab750e4fc6c033,VALID,,true,preposition,destination_or_recipient_preposition,[],non-gold-v3-there-their-theyre-0225-to-too-two-01,Katie Sanderson,2026-09-10T18:03:04Z,true,false,Katie Sanderson reviewed and copied this human decision.
1,v3-there-their-theyre-0227-to-too-two-01,TO_TOO_TWO,63f9d0d6f96738eaa5ad8cd7add22bbcdf999734973c8e5fc0ec10269ef50b67,VALID,,true,infinitive,governed_infinitive,[],non-gold-v3-there-their-theyre-0227-to-too-two-01,Katie Sanderson,2026-09-10T18:03:04Z,true,false,Katie Sanderson reviewed and copied this human decision.
1,v3-there-their-theyre-0230-to-too-two-01,TO_TOO_TWO,6a24771b65c4d89ffe5e32c83ef41cbdc38eef14e02ae757cf835b38287c3af1,VALID,,true,preposition,destination_or_recipient_preposition,[],non-gold-v3-there-their-theyre-0230-to-too-two-01,Katie Sanderson,2026-09-10T18:03:04Z,true,false,Katie Sanderson reviewed and copied this human decision.
1,v3-there-their-theyre-0236-to-too-two-01,TO_TOO_TWO,4b6f1187e0d176d88bead376f0a61666ed62b94ed7c9430898e7cf157cb37426,VALID,,true,infinitive,governed_infinitive,[],non-gold-v3-there-their-theyre-0236-to-too-two-01,Katie Sanderson,2026-09-10T18:03:04Z,true,false,Katie Sanderson reviewed and copied this human decision.
1,v3-there-their-theyre-0237-to-too-two-01,TO_TOO_TWO,1f8bc3e10e7a22b5c95ae81e57348a80457bc077a67d1a587529c46bcf7e9a27,VALID,,true,infinitive,governed_infinitive,[],non-gold-v3-there-their-theyre-0237-to-too-two-01,Katie Sanderson,2026-09-10T18:03:04Z,true,false,Katie Sanderson reviewed and copied this human decision.
1,v3-there-their-theyre-0237-to-too-two-02,TO_TOO_TWO,4805e3ef3300b9ac84f9150366a190d09ce6f3685a13857dbcace21dca16615a,VALID,,true,infinitive,governed_infinitive,[],non-gold-v3-there-their-theyre-0237-to-too-two-02,Katie Sanderson,2026-09-10T18:03:04Z,true,false,Katie Sanderson reviewed and copied this human decision.
1,v3-there-their-theyre-0247-to-too-two-01,TO_TOO_TWO,ebc4d571f7f887bd286dfcd3e288141168a39d4c8e2d91766b245240f3b780a5,VALID,,true,infinitive,governed_infinitive,[],non-gold-v3-there-their-theyre-0247-to-too-two-01,Katie Sanderson,2026-09-10T18:03:04Z,true,false,Katie Sanderson reviewed and copied this human decision.
1,v3-there-their-theyre-0249-to-too-two-01,TO_TOO_TWO,7a76ae7a5a26b672a5684252b90b2a9a502739e68815d872882f3eced4d5a21c,VALID,,true,infinitive,governed_infinitive,[],non-gold-v3-there-their-theyre-0249-to-too-two-01,Katie Sanderson,2026-09-10T18:03:04Z,true,false,Katie Sanderson reviewed and copied this human decision.
1,v3-there-their-theyre-0249-to-too-two-02,TO_TOO_TWO,6482320b35081ef6eee901195437b28b703717a94326c53e2bee7c3e6a80a19f,VALID,,true,infinitive,governed_infinitive,[],non-gold-v3-there-their-theyre-0249-to-too-two-02,Katie Sanderson,2026-09-10T18:03:04Z,true,false,Katie Sanderson reviewed and copied this human decision.
1,v3-there-their-theyre-0252-to-too-two-01,TO_TOO_TWO,6fd7b5458bb5a7b1684a27bbc56b369ef80beb912a66839c378d01614e09764e,VALID,,true,preposition,destination_or_recipient_preposition,[],non-gold-v3-there-their-theyre-0252-to-too-two-01,Katie Sanderson,2026-09-10T18:03:04Z,true,false,Katie Sanderson reviewed and copied this human decision.
1,v3-there-their-theyre-0254-to-too-two-01,TO_TOO_TWO,1ea2466699c3e53646cd8e309bebba4943fc42dba935b3edd2f970c4b91d2270,VALID,,true,infinitive,governed_infinitive,[],non-gold-v3-there-their-theyre-0254-to-too-two-01,Katie Sanderson,2026-09-10T18:03:04Z,true,false,Katie Sanderson reviewed and copied this human decision.
1,v3-there-their-theyre-0254-to-too-two-02,TO_TOO_TWO,aa63af5ba5299b11252e9c30876c3fcc87318078fd820f1663cae47ff2ed1c6a,VALID,,true,infinitive,governed_infinitive,[],non-gold-v3-there-their-theyre-0254-to-too-two-02,Katie Sanderson,2026-09-10T18:03:04Z,true,false,Katie Sanderson reviewed and copied this human decision.
1,v3-there-their-theyre-0256-to-too-two-01,TO_TOO_TWO,e95123abb1cee0094b665dbbaf18f32c2a04d02cbebd943442fe1193aae2b313,VALID,,true,infinitive,governed_infinitive,[],non-gold-v3-there-their-theyre-0256-to-too-two-01,Katie Sanderson,2026-09-10T18:03:04Z,true,false,Katie Sanderson reviewed and copied this human decision.
1,v3-there-their-theyre-0257-to-too-two-01,TO_TOO_TWO,9d66ba680ff4ca4792fd08b2b78ceff2dba04bcb110b3bc916a441a21259279e,VALID,,true,infinitive,governed_infinitive,[],non-gold-v3-there-their-theyre-0257-to-too-two-01,Katie Sanderson,2026-09-10T18:03:04Z,true,false,Katie Sanderson reviewed and copied this human decision.
1,v3-there-their-theyre-0260-to-too-two-01,TO_TOO_TWO,c41cb4e9ea0243689b378f2b8661084ae8f43341019b3a62fc84f5d10b9f4f57,VALID,,true,infinitive,governed_infinitive,[],non-gold-v3-there-their-theyre-0260-to-too-two-01,Katie Sanderson,2026-09-10T18:03:04Z,true,false,Katie Sanderson reviewed and copied this human decision.
1,v3-there-their-theyre-0261-to-too-two-01,TO_TOO_TWO,a90451788b7632494422c3f1096b45eacbcf2aadd44842d3952deb9bb7e88f20,VALID,,true,infinitive,governed_infinitive,[],non-gold-v3-there-their-theyre-0261-to-too-two-01,Katie Sanderson,2026-09-10T18:03:04Z,true,false,Katie Sanderson reviewed and copied this human decision.
1,v3-there-their-theyre-0261-to-too-two-02,TO_TOO_TWO,54434bccfdf751399e5291f882d47731f7ce9998a5ff9e4ca4f20e75c90d2418,VALID,,true,preposition,destination_or_recipient_preposition,[],non-gold-v3-there-their-theyre-0261-to-too-two-02,Katie Sanderson,2026-09-10T18:03:04Z,true,false,Katie Sanderson reviewed and copied this human decision.
1,v3-there-their-theyre-0262-to-too-two-01,TO_TOO_TWO,fd9acbf2a3ab261265b05841ea5c5e659682740ebf70660f8a8fdd92dc2965d6,VALID,,true,infinitive,governed_infinitive,[],non-gold-v3-there-their-theyre-0262-to-too-two-01,Katie Sanderson,2026-09-10T18:03:04Z,true,false,Katie Sanderson reviewed and copied this human decision.
1,v3-there-their-theyre-0263-to-too-two-01,TO_TOO_TWO,c0ae87157125c70101982ae328ae64e185b7a71d8c018c11ad4a384b301d2bed,VALID,,true,infinitive,governed_infinitive,[],non-gold-v3-there-their-theyre-0263-to-too-two-01,Katie Sanderson,2026-09-10T18:03:04Z,true,false,Katie Sanderson reviewed and copied this human decision.
1,v3-there-their-theyre-0264-to-too-two-01,TO_TOO_TWO,5363cc27de8fb5ed741bebce5556b73e6c3343307c44012367aafb388cc9e785,VALID,,true,infinitive,governed_infinitive,[],non-gold-v3-there-their-theyre-0264-to-too-two-01,Katie Sanderson,2026-09-10T18:03:04Z,true,false,Katie Sanderson reviewed and copied this human decision.
1,v3-there-their-theyre-0266-to-too-two-01,TO_TOO_TWO,b67724cef7fd85f0a43414ead23fa175aa04af5d2e9ee2fcf2ce29b00b182c69,VALID,,true,infinitive,governed_infinitive,[],non-gold-v3-there-their-theyre-0266-to-too-two-01,Katie Sanderson,2026-09-10T18:03:04Z,true,false,Katie Sanderson reviewed and copied this human decision.
1,v3-there-their-theyre-0267-to-too-two-01,TO_TOO_TWO,a40c709eeefcf62f382dee42f5a51936ec4a4c34ed0690094018d54330bf4695,VALID,,true,infinitive,governed_infinitive,[],non-gold-v3-there-their-theyre-0267-to-too-two-01,Katie Sanderson,2026-09-10T18:03:04Z,true,false,Katie Sanderson reviewed and copied this human decision.
1,v3-there-their-theyre-0268-to-too-two-01,TO_TOO_TWO,fa0b4d599aa303e267e48404785cd19a8f136ea4133caf9ea8906f53b120e205,VALID,,true,infinitive,governed_infinitive,[],non-gold-v3-there-their-theyre-0268-to-too-two-01,Katie Sanderson,2026-09-10T18:03:04Z,true,false,Katie Sanderson reviewed and copied this human decision.
1,v3-there-their-theyre-0270-to-too-two-01,TO_TOO_TWO,9564f8a3f26270dfa9bbb04eb8f350b5bb66c564115aa7acf6de1a7a273ec88f,VALID,,true,infinitive,governed_infinitive,[],non-gold-v3-there-their-theyre-0270-to-too-two-01,Katie Sanderson,2026-09-10T18:03:04Z,true,false,Katie Sanderson reviewed and copied this human decision.
1,v3-there-their-theyre-0271-to-too-two-01,TO_TOO_TWO,c311a7e945f2222c65ec6ec4950be338e690398b23e8ada09b68f157c6909e08,VALID,,true,infinitive,governed_infinitive,[],non-gold-v3-there-their-theyre-0271-to-too-two-01,Katie Sanderson,2026-09-10T18:03:04Z,true,false,Katie Sanderson reviewed and copied this human decision.
1,v3-there-their-theyre-0273-to-too-two-01,TO_TOO_TWO,114bccbee6632cf6ce5a8e970ca6ba0bdf3e0e45de3273a250e32f05bdfac36b,VALID,,true,infinitive,governed_infinitive,[],non-gold-v3-there-their-theyre-0273-to-too-two-01,Katie Sanderson,2026-09-10T18:03:04Z,true,false,Katie Sanderson reviewed and copied this human decision.
1,v3-there-their-theyre-0273-to-too-two-02,TO_TOO_TWO,c8ce09575d99c7c67e1059a2eed414e9207717420104ceb0490ce4b9b207df40,VALID,,true,infinitive,governed_infinitive,[],non-gold-v3-there-their-theyre-0273-to-too-two-02,Katie Sanderson,2026-09-10T18:03:04Z,true,false,Katie Sanderson reviewed and copied this human decision.
1,v3-there-their-theyre-0274-to-too-two-01,TO_TOO_TWO,ed88f47c574e6b741d68a8e1d073bbcf14ab79be90376946565cc12c5b66f41a,VALID,,true,infinitive,governed_infinitive,[],non-gold-v3-there-their-theyre-0274-to-too-two-01,Katie Sanderson,2026-09-10T18:03:04Z,true,false,Katie Sanderson reviewed and copied this human decision.
1,v3-there-their-theyre-0274-to-too-two-02,TO_TOO_TWO,999ac3259b7682d1741b183c4815c9a8e114320d576fec18b8429c16c8d91ab9,VALID,,true,infinitive,governed_infinitive,[],non-gold-v3-there-their-theyre-0274-to-too-two-02,Katie Sanderson,2026-09-10T18:03:04Z,true,false,Katie Sanderson reviewed and copied this human decision.
1,v3-there-their-theyre-0275-to-too-two-01,TO_TOO_TWO,507912c14e6ab587f283b880920ede98e773ff44a819ccae82972177eb0a045d,VALID,,true,infinitive,governed_infinitive,[],non-gold-v3-there-their-theyre-0275-to-too-two-01,Katie Sanderson,2026-09-10T18:03:04Z,true,false,Katie Sanderson reviewed and copied this human decision.
1,v3-there-their-theyre-0276-to-too-two-01,TO_TOO_TWO,e11778e9b642f2b4b1f602ff27c6be6f2b34ebf14a90de943e4b41753faccd3a,VALID,,true,infinitive,governed_infinitive,[],non-gold-v3-there-their-theyre-0276-to-too-two-01,Katie Sanderson,2026-09-10T18:03:04Z,true,false,Katie Sanderson reviewed and copied this human decision.
1,v3-there-their-theyre-0277-to-too-two-01,TO_TOO_TWO,e7e1beaec9ba00a7a966f7ceb5cf5d5a6758a3377a59cc9f167e1a5395964fe0,VALID,,true,infinitive,governed_infinitive,[],non-gold-v3-there-their-theyre-0277-to-too-two-01,Katie Sanderson,2026-09-10T18:03:04Z,true,false,Katie Sanderson reviewed and copied this human decision.
1,v3-there-their-theyre-0278-to-too-two-01,TO_TOO_TWO,a622b39168b3ad9e81833ef14102a413b5d9ce35edcf146d905c79388c2b37ef,VALID,,true,infinitive,governed_infinitive,[],non-gold-v3-there-their-theyre-0278-to-too-two-01,Katie Sanderson,2026-09-10T18:03:04Z,true,false,Katie Sanderson reviewed and copied this human decision.
1,v3-there-their-theyre-0278-to-too-two-02,TO_TOO_TWO,9a4a98bfcb085db205661a262cd6736ef939fe9244aff823f306ce9446324fab,VALID,,true,infinitive,governed_infinitive,[],non-gold-v3-there-their-theyre-0278-to-too-two-02,Katie Sanderson,2026-09-10T18:03:04Z,true,false,Katie Sanderson reviewed and copied this human decision.
1,v3-there-their-theyre-0279-to-too-two-01,TO_TOO_TWO,57698eb9b13df19048cb500ab9b942b0df184b049a3c09eb6a0fb59d802b7f7c,VALID,,true,infinitive,governed_infinitive,[],non-gold-v3-there-their-theyre-0279-to-too-two-01,Katie Sanderson,2026-09-10T18:03:04Z,true,false,Katie Sanderson reviewed and copied this human decision.
1,v3-there-their-theyre-0280-to-too-two-01,TO_TOO_TWO,d933e2d8b3b92b287c441fea108bfdb677ce31d2a35f77072efbf7785c397dfd,VALID,,true,infinitive,governed_infinitive,[],non-gold-v3-there-their-theyre-0280-to-too-two-01,Katie Sanderson,2026-09-10T18:03:04Z,true,false,Katie Sanderson reviewed and copied this human decision.
1,v3-there-their-theyre-0281-to-too-two-01,TO_TOO_TWO,eb1d4355dd37d1a4d42662ae36f3ad8e003789f5fc44c2ab81d4d1f5057a3d41,VALID,,true,infinitive,governed_infinitive,[],non-gold-v3-there-their-theyre-0281-to-too-two-01,Katie Sanderson,2026-09-10T18:03:04Z,true,false,Katie Sanderson reviewed and copied this human decision.
1,v3-there-their-theyre-0283-to-too-two-01,TO_TOO_TWO,c9819e20fa6832e35030ae81816ce68dbd98349a46fb8dcc888c1f094089cb72,VALID,,true,infinitive,governed_infinitive,[],non-gold-v3-there-their-theyre-0283-to-too-two-01,Katie Sanderson,2026-09-10T18:03:04Z,true,false,Katie Sanderson reviewed and copied this human decision.
1,v3-there-their-theyre-0283-to-too-two-02,TO_TOO_TWO,750e59268563df218876a0e6489534cf0731c366e1e8afb92d21b03b969f2b16,VALID,,true,infinitive,governed_infinitive,[],non-gold-v3-there-their-theyre-0283-to-too-two-02,Katie Sanderson,2026-09-10T18:03:04Z,true,false,Katie Sanderson reviewed and copied this human decision.
1,v3-there-their-theyre-0284-to-too-two-01,TO_TOO_TWO,8c1f3b8e1e6a6f757ecf32d4598dd4553744b0b883ada04b02f7cd89427df3b4,VALID,,true,infinitive,governed_infinitive,[],non-gold-v3-there-their-theyre-0284-to-too-two-01,Katie Sanderson,2026-09-10T18:03:04Z,true,false,Katie Sanderson reviewed and copied this human decision.
1,v3-there-their-theyre-0284-to-too-two-02,TO_TOO_TWO,2123b606f5a8d0a34c93ea96c3e47d1171240603043aaf128040221ae3290da3,VALID,,true,infinitive,governed_infinitive,[],non-gold-v3-there-their-theyre-0284-to-too-two-02,Katie Sanderson,2026-09-10T18:03:04Z,true,false,Katie Sanderson reviewed and copied this human decision.
1,v3-there-their-theyre-0285-to-too-two-01,TO_TOO_TWO,7d72bd4ae131b523983556e4d6745a42cd1c94f6de44f5e954e7e13cba3b2582,VALID,,true,infinitive,governed_infinitive,[],non-gold-v3-there-their-theyre-0285-to-too-two-01,Katie Sanderson,2026-09-10T18:03:04Z,true,false,Katie Sanderson reviewed and copied this human decision.
1,v3-there-their-theyre-0286-to-too-two-01,TO_TOO_TWO,8376bf51493f296d6bc08aee7624343c5c9d43886035deacaa68aaf86e712707,VALID,,true,infinitive,governed_infinitive,[],non-gold-v3-there-their-theyre-0286-to-too-two-01,Katie Sanderson,2026-09-10T18:03:04Z,true,false,Katie Sanderson reviewed and copied this human decision.
1,v3-there-their-theyre-0287-to-too-two-01,TO_TOO_TWO,69c2d59dd03f87002c73b459495e73cbfc40da02a75a995fa9e4e1837d627916,VALID,,true,infinitive,governed_infinitive,[],non-gold-v3-there-their-theyre-0287-to-too-two-01,Katie Sanderson,2026-09-10T18:03:04Z,true,false,Katie Sanderson reviewed and copied this human decision.
1,v3-there-their-theyre-0288-to-too-two-01,TO_TOO_TWO,3c2e5bc6fe240e0e24ad11bb3378dce68fa8472b87ff19dd5ba0931e38637ee6,VALID,,true,infinitive,governed_infinitive,[],non-gold-v3-there-their-theyre-0288-to-too-two-01,Katie Sanderson,2026-09-10T18:03:04Z,true,false,Katie Sanderson reviewed and copied this human decision.
1,v3-there-their-theyre-0289-to-too-two-01,TO_TOO_TWO,7feeb056c630f2e9a68adc1abc477d23abc4ff0419e726b757e1ae4c424e2ad2,VALID,,true,infinitive,governed_infinitive,[],non-gold-v3-there-their-theyre-0289-to-too-two-01,Katie Sanderson,2026-09-10T18:03:04Z,true,false,Katie Sanderson reviewed and copied this human decision.
1,v3-there-their-theyre-0290-to-too-two-01,TO_TOO_TWO,52744614928437db464809772ac10a52e85973dc1921cb99ff87d7905ebcc577,VALID,,true,infinitive,governed_infinitive,[],non-gold-v3-there-their-theyre-0290-to-too-two-01,Katie Sanderson,2026-09-10T18:03:04Z,true,false,Katie Sanderson reviewed and copied this human decision.
1,v3-there-their-theyre-0293-to-too-two-01,TO_TOO_TWO,416935a95fe405f121e8b1c474eff306361faa6fef7afb9a9302737b2f43d2d7,VALID,,true,infinitive,governed_infinitive,[],non-gold-v3-there-their-theyre-0293-to-too-two-01,Katie Sanderson,2026-09-10T18:03:04Z,true,false,Katie Sanderson reviewed and copied this human decision.
1,v3-there-their-theyre-0294-to-too-two-01,TO_TOO_TWO,126bec1a3195e80689199b0e0d65c3b7ae2202792f8a35040234ef311dd3aea4,VALID,,true,preposition,destination_or_recipient_preposition,[],non-gold-v3-there-their-theyre-0294-to-too-two-01,Katie Sanderson,2026-09-10T18:03:04Z,true,false,Katie Sanderson reviewed and copied this human decision.
1,v3-there-their-theyre-0295-to-too-two-01,TO_TOO_TWO,369f054badb2d3a7a20f07ea8cf2042dbeec727b1b8707a7eecdb85c101d789f,VALID,,true,infinitive,governed_infinitive,[],non-gold-v3-there-their-theyre-0295-to-too-two-01,Katie Sanderson,2026-09-10T18:03:04Z,true,false,Katie Sanderson reviewed and copied this human decision.
1,v3-there-their-theyre-0296-to-too-two-01,TO_TOO_TWO,81189fe65f8452d77043a7b3d4f393bb2fa835eb6dfc9455442adab17bce8971,VALID,,true,preposition,destination_or_recipient_preposition,[],non-gold-v3-there-their-theyre-0296-to-too-two-01,Katie Sanderson,2026-09-10T18:03:04Z,true,false,Katie Sanderson reviewed and copied this human decision.
1,v3-there-their-theyre-0297-to-too-two-01,TO_TOO_TWO,21a47621c237127e7381153cb39df0c51fcee4d7aa5c67575514eda2a046a461,VALID,,true,infinitive,governed_infinitive,[],non-gold-v3-there-their-theyre-0297-to-too-two-01,Katie Sanderson,2026-09-10T18:03:04Z,true,false,Katie Sanderson reviewed and copied this human decision.
1,v3-there-their-theyre-0298-to-too-two-01,TO_TOO_TWO,035ea4985bb19f7581e7a0350e14162eb04f6442c99e9e69c8db7b9c8808d118,VALID,,true,infinitive,governed_infinitive,[],non-gold-v3-there-their-theyre-0298-to-too-two-01,Katie Sanderson,2026-09-10T18:03:04Z,true,false,Katie Sanderson reviewed and copied this human decision.
1,v3-there-their-theyre-0298-to-too-two-02,TO_TOO_TWO,668a5d4c3b0e8db0e5bcea16539fb09f75d8e9fa2b690786a6a9a9007ce62add,VALID,,true,infinitive,governed_infinitive,[],non-gold-v3-there-their-theyre-0298-to-too-two-02,Katie Sanderson,2026-09-10T18:03:04Z,true,false,Katie Sanderson reviewed and copied this human decision.
1,v3-there-their-theyre-0300-to-too-two-01,TO_TOO_TWO,e24a8c3482d31b1849a17de0b73e4f7153224d1863f566723267012c1d6a4d59,VALID,,true,infinitive,governed_infinitive,[],non-gold-v3-there-their-theyre-0300-to-too-two-01,Katie Sanderson,2026-09-10T18:03:04Z,true,false,Katie Sanderson reviewed and copied this human decision.
1,v3-there-their-theyre-0300-to-too-two-02,TO_TOO_TWO,fd1bbca6b57c52a6853e004b9fb219bdf83a15c0a968f5a2a36cc2e6d421d55a,VALID,,true,preposition,destination_or_recipient_preposition,[],non-gold-v3-there-their-theyre-0300-to-too-two-02,Katie Sanderson,2026-09-10T18:03:04Z,true,false,Katie Sanderson reviewed and copied this human decision.
1,v3-there-their-theyre-0321-to-too-two-01,TO_TOO_TWO,87dba31b01481cdc99835a70720283b43010eb3d133e326f0a14a6a1dccab7e8,VALID,,true,infinitive,governed_infinitive,"[""quotation""]",non-gold-v3-there-their-theyre-0321-to-too-two-01,Katie Sanderson,2026-09-10T18:03:04Z,true,false,Katie Sanderson reviewed and copied this human decision.
1,v3-there-their-theyre-0321-to-too-two-02,TO_TOO_TWO,7d039cddaa1b4eb2268db31b398c9cfb9cf0c1caf630010b1ca4cc8d4ea25004,VALID,,true,infinitive,governed_infinitive,[],non-gold-v3-there-their-theyre-0321-to-too-two-02,Katie Sanderson,2026-09-10T18:03:04Z,true,false,Katie Sanderson reviewed and copied this human decision.
1,v3-there-their-theyre-0323-to-too-two-01,TO_TOO_TWO,a161e6c0c53de3ba3b234ba760b435373abf4e0ddd8203f8c61d9c98f6594caa,VALID,,true,infinitive,governed_infinitive,[],non-gold-v3-there-their-theyre-0323-to-too-two-01,Katie Sanderson,2026-09-10T18:03:04Z,true,false,Katie Sanderson reviewed and copied this human decision.
1,v3-there-their-theyre-0324-to-too-two-01,TO_TOO_TWO,7522918c4a61c9a4c356a2d84350f27e188c616111a6e7a4c2486ac2bf1038e1,VALID,,true,infinitive,governed_infinitive,[],non-gold-v3-there-their-theyre-0324-to-too-two-01,Katie Sanderson,2026-09-10T18:03:04Z,true,false,Katie Sanderson reviewed and copied this human decision.
1,v3-there-their-theyre-0325-to-too-two-01,TO_TOO_TWO,cb14631e9bb0693a5687a78cf83b70f3bdc61b9f9f9bace611862d8a9c25e0b4,VALID,,true,infinitive,governed_infinitive,"[""quotation""]",non-gold-v3-there-their-theyre-0325-to-too-two-01,Katie Sanderson,2026-09-10T18:03:04Z,true,false,Katie Sanderson reviewed and copied this human decision.
1,v3-there-their-theyre-0325-to-too-two-02,TO_TOO_TWO,944b2530941baaa50af1dcee72de54f298fb7ba9c2d4a8d83d81d822529176b6,VALID,,true,infinitive,governed_infinitive,[],non-gold-v3-there-their-theyre-0325-to-too-two-02,Katie Sanderson,2026-09-10T18:03:04Z,true,false,Katie Sanderson reviewed and copied this human decision.
1,v3-there-their-theyre-0327-to-too-two-01,TO_TOO_TWO,d2138306a90df5de0941634f5641304bbb00e8eb9c2ed54c4f815acad63be719,VALID,,true,infinitive,governed_infinitive,[],non-gold-v3-there-their-theyre-0327-to-too-two-01,Katie Sanderson,2026-09-10T18:03:04Z,true,false,Katie Sanderson reviewed and copied this human decision.
1,v3-there-their-theyre-0330-to-too-two-01,TO_TOO_TWO,5f3d3221a98ada9065c2e34757d24ddaca046b24993d6f73dae718344116f0ab,VALID,,true,infinitive,governed_infinitive,[],non-gold-v3-there-their-theyre-0330-to-too-two-01,Katie Sanderson,2026-09-10T18:03:04Z,true,false,Katie Sanderson reviewed and copied this human decision.
1,v3-there-their-theyre-0331-to-too-two-01,TO_TOO_TWO,c85aaec6810cc10079abd01299316ec450dce11418a81ba4a2a075da260db710,VALID,,true,infinitive,governed_infinitive,"[""quotation""]",non-gold-v3-there-their-theyre-0331-to-too-two-01,Katie Sanderson,2026-09-10T18:03:04Z,true,false,Katie Sanderson reviewed and copied this human decision.
1,v3-there-their-theyre-0331-to-too-two-02,TO_TOO_TWO,2f2235abd21d799cf4ecb491d39d61b7588387ac329c2dadca07186c489b2e93,VALID,,true,infinitive,governed_infinitive,[],non-gold-v3-there-their-theyre-0331-to-too-two-02,Katie Sanderson,2026-09-10T18:03:04Z,true,false,Katie Sanderson reviewed and copied this human decision.
1,v3-there-their-theyre-0333-to-too-two-01,TO_TOO_TWO,8adc38f9e2052c41d47b0fa7d6b18d5941ebe2802c8aafdb9a4a5f10c3b71239,VALID,,true,infinitive,governed_infinitive,"[""quotation""]",non-gold-v3-there-their-theyre-0333-to-too-two-01,Katie Sanderson,2026-09-10T18:03:04Z,true,false,Katie Sanderson reviewed and copied this human decision.
1,v3-there-their-theyre-0333-to-too-two-02,TO_TOO_TWO,b2af0bdc009291d7536e655c633d4a315e82e829961cfe15dc9965529558799a,VALID,,true,infinitive,governed_infinitive,[],non-gold-v3-there-their-theyre-0333-to-too-two-02,Katie Sanderson,2026-09-10T18:03:04Z,true,false,Katie Sanderson reviewed and copied this human decision.
1,v3-there-their-theyre-0334-to-too-two-01,TO_TOO_TWO,647f863e3cc4726c01441de876f097574aea1920773e2da2a23b8c0b2e12a79f,VALID,,true,infinitive,governed_infinitive,[],non-gold-v3-there-their-theyre-0334-to-too-two-01,Katie Sanderson,2026-09-10T18:03:04Z,true,false,Katie Sanderson reviewed and copied this human decision.
1,v3-there-their-theyre-0335-to-too-two-01,TO_TOO_TWO,4bba6ca1ed662c6c4d3a2f1ecb68dc540bd4e7b9f5b6dd413591c9800f2ea013,VALID,,true,infinitive,governed_infinitive,[],non-gold-v3-there-their-theyre-0335-to-too-two-01,Katie Sanderson,2026-09-10T18:03:04Z,true,false,Katie Sanderson reviewed and copied this human decision.
1,v3-there-their-theyre-0339-to-too-two-01,TO_TOO_TWO,709c43cf9723c58ffdf8f94c78fef6654c5b8aa8653e34d8fd001698b7c45213,VALID,,true,infinitive,governed_infinitive,"[""quotation""]",non-gold-v3-there-their-theyre-0339-to-too-two-01,Katie Sanderson,2026-09-10T18:03:04Z,true,false,Katie Sanderson reviewed and copied this human decision.
1,v3-there-their-theyre-0339-to-too-two-02,TO_TOO_TWO,c5491b20ae893fb435068d4afbd157dccecfb250d0326d84a458fe4fabdd8eac,VALID,,true,infinitive,governed_infinitive,[],non-gold-v3-there-their-theyre-0339-to-too-two-02,Katie Sanderson,2026-09-10T18:03:04Z,true,false,Katie Sanderson reviewed and copied this human decision.
1,v3-there-their-theyre-0340-to-too-two-01,TO_TOO_TWO,93dc481878d1698145d4b39b707011dd5f29e24c89a5ce46994c18b264655de9,VALID,,true,infinitive,governed_infinitive,"[""quotation""]",non-gold-v3-there-their-theyre-0340-to-too-two-01,Katie Sanderson,2026-09-10T18:03:04Z,true,false,Katie Sanderson reviewed and copied this human decision.
1,v3-there-their-theyre-0340-to-too-two-02,TO_TOO_TWO,dadf46bc475f26b83551fba557335095b92aea3f3888df5ff7d95b2a11e081e2,VALID,,true,infinitive,governed_infinitive,[],non-gold-v3-there-their-theyre-0340-to-too-two-02,Katie Sanderson,2026-09-10T18:03:04Z,true,false,Katie Sanderson reviewed and copied this human decision.
1,v3-there-their-theyre-0365-to-too-two-01,TO_TOO_TWO,dff07bceedd464dc1e7230c2a19c5e6561c3871ce84c508515f5e622b9532a37,VALID,,true,infinitive,governed_infinitive,"[""run_on""]",non-gold-v3-there-their-theyre-0365-to-too-two-01,Katie Sanderson,2026-09-10T18:03:04Z,true,false,Katie Sanderson reviewed and copied this human decision.
1,v3-there-their-theyre-0367-to-too-two-01,TO_TOO_TWO,a30bf055c4fc75091dbbe163f0b5c2b9e1788d8aaddfe915744b28e816e0a567,VALID,,true,infinitive,governed_infinitive,"[""run_on""]",non-gold-v3-there-their-theyre-0367-to-too-two-01,Katie Sanderson,2026-09-10T18:03:04Z,true,false,Katie Sanderson reviewed and copied this human decision.
1,v3-there-their-theyre-0369-to-too-two-01,TO_TOO_TWO,d25e928dee5a58c4a765535a1228fee24248243ef14f9e5595604c9cb312463b,VALID,,true,infinitive,governed_infinitive,"[""run_on""]",non-gold-v3-there-their-theyre-0369-to-too-two-01,Katie Sanderson,2026-09-10T18:03:04Z,true,false,Katie Sanderson reviewed and copied this human decision.
1,v3-there-their-theyre-0372-to-too-two-01,TO_TOO_TWO,f9a7ef235310b7ded73c3654e8c9e4733c026444c16ccba518559ebe01d2a98b,VALID,,true,preposition,destination_or_recipient_preposition,"[""run_on""]",non-gold-v3-there-their-theyre-0372-to-too-two-01,Katie Sanderson,2026-09-10T18:03:04Z,true,false,Katie Sanderson reviewed and copied this human decision.
1,v3-there-their-theyre-0373-to-too-two-01,TO_TOO_TWO,3ac7e3e2f67dc626adb43c012bc0f38f9b8325ef1c5bd06e81363921928ec8e3,VALID,,true,preposition,destination_or_recipient_preposition,"[""run_on""]",non-gold-v3-there-their-theyre-0373-to-too-two-01,Katie Sanderson,2026-09-10T18:03:04Z,true,false,Katie Sanderson reviewed and copied this human decision.
1,v3-there-their-theyre-0374-to-too-two-01,TO_TOO_TWO,7e854e4385c3f533491b4cd6db6d0c83da5162a2d33225142dbbc84648e1d7ae,VALID,,true,infinitive,governed_infinitive,"[""run_on""]",non-gold-v3-there-their-theyre-0374-to-too-two-01,Katie Sanderson,2026-09-10T18:03:04Z,true,false,Katie Sanderson reviewed and copied this human decision.
1,v3-there-their-theyre-0375-to-too-two-01,TO_TOO_TWO,d68bb0f7aed4e13ae0dee92bf57d2653efa300cc8297941992205da5eaa4f8a5,VALID,,true,preposition,destination_or_recipient_preposition,"[""run_on""]",non-gold-v3-there-their-theyre-0375-to-too-two-01,Katie Sanderson,2026-09-10T18:03:04Z,true,false,Katie Sanderson reviewed and copied this human decision.
1,v3-there-their-theyre-0377-to-too-two-01,TO_TOO_TWO,4e769f897261df38cb15df12c5e6fb059a012cd5f1fa5b02ebdb92325a750b0d,VALID,,true,preposition,destination_or_recipient_preposition,"[""run_on""]",non-gold-v3-there-their-theyre-0377-to-too-two-01,Katie Sanderson,2026-09-10T18:03:04Z,true,false,Katie Sanderson reviewed and copied this human decision.
1,v3-there-their-theyre-0378-to-too-two-01,TO_TOO_TWO,34fe8677e5de530e2d7776f1a9a0fa69a7f7c7cd296e4e246be2df28cc2bc781,VALID,,true,preposition,destination_or_recipient_preposition,"[""run_on""]",non-gold-v3-there-their-theyre-0378-to-too-two-01,Katie Sanderson,2026-09-10T18:03:04Z,true,false,Katie Sanderson reviewed and copied this human decision.
1,v3-there-their-theyre-0379-to-too-two-01,TO_TOO_TWO,ea9f959d7001c864e35b8cf9749f37e39858c4c15fe175756518a271f6206b94,VALID,,true,preposition,destination_or_recipient_preposition,"[""run_on""]",non-gold-v3-there-their-theyre-0379-to-too-two-01,Katie Sanderson,2026-09-10T18:03:04Z,true,false,Katie Sanderson reviewed and copied this human decision.
1,v3-there-their-theyre-0383-to-too-two-01,TO_TOO_TWO,c885bd559141fa3ec0cb430f98dd32dcb2209d142274838553c143154f259071,VALID,,true,infinitive,governed_infinitive,[],non-gold-v3-there-their-theyre-0383-to-too-two-01,Katie Sanderson,2026-09-10T18:03:04Z,true,false,Katie Sanderson reviewed and copied this human decision.
1,v3-there-their-theyre-0386-to-too-two-01,TO_TOO_TWO,a8584006287d44a38d78e1db4907ad4a0947851691e3fbf1ea128a723d7c41a2,VALID,,true,infinitive,governed_infinitive,[],non-gold-v3-there-their-theyre-0386-to-too-two-01,Katie Sanderson,2026-09-10T18:03:04Z,true,false,Katie Sanderson reviewed and copied this human decision.
1,v3-there-their-theyre-0387-to-too-two-01,TO_TOO_TWO,cfb598e5c72006e3c6da18636d41dcdf0a882ed913dbbd889d8f9a9ebbf10317,VALID,,true,infinitive,governed_infinitive,[],non-gold-v3-there-their-theyre-0387-to-too-two-01,Katie Sanderson,2026-09-10T18:03:04Z,true,false,Katie Sanderson reviewed and copied this human decision.
1,v3-there-their-theyre-0388-to-too-two-01,TO_TOO_TWO,0cbeabc7c87241f41396bd04ca3b35e5ef24bb38ed8b0c067ac9737b4bab1ca3,VALID,,true,infinitive,governed_infinitive,[],non-gold-v3-there-their-theyre-0388-to-too-two-01,Katie Sanderson,2026-09-10T18:03:04Z,true,false,Katie Sanderson reviewed and copied this human decision.
1,v3-there-their-theyre-0390-to-too-two-01,TO_TOO_TWO,404899e63dcf35ffd4900272661c604de77f950977331e97d0e05a37ac236a0a,VALID,,true,infinitive,governed_infinitive,[],non-gold-v3-there-their-theyre-0390-to-too-two-01,Katie Sanderson,2026-09-10T18:03:04Z,true,false,Katie Sanderson reviewed and copied this human decision.
1,v3-there-their-theyre-0391-to-too-two-01,TO_TOO_TWO,fc11d0160c4676e5edf98ba9b81cb6cb561bb670a6fe8c872c4f90af3b891ad0,VALID,,true,infinitive,governed_infinitive,[],non-gold-v3-there-their-theyre-0391-to-too-two-01,Katie Sanderson,2026-09-10T18:03:04Z,true,false,Katie Sanderson reviewed and copied this human decision.
1,v3-there-their-theyre-0392-to-too-two-01,TO_TOO_TWO,7acb29fb665087256c40e6608b3608ee3fe774abed33cd9ee61900a7090eacfd,VALID,,true,infinitive,governed_infinitive,[],non-gold-v3-there-their-theyre-0392-to-too-two-01,Katie Sanderson,2026-09-10T18:03:04Z,true,false,Katie Sanderson reviewed and copied this human decision.
1,v3-there-their-theyre-0394-to-too-two-01,TO_TOO_TWO,6cea9de395bfbd40ea212041684bd627777ed8446b4c25839b20250afddd771d,VALID,,true,infinitive,governed_infinitive,[],non-gold-v3-there-their-theyre-0394-to-too-two-01,Katie Sanderson,2026-09-10T18:03:04Z,true,false,Katie Sanderson reviewed and copied this human decision.
1,v3-there-their-theyre-0395-to-too-two-01,TO_TOO_TWO,cf7a48bfd7b819adc78355a214f10df1f1175e44a2c1a21c8826b41de3c603c8,VALID,,true,infinitive,governed_infinitive,[],non-gold-v3-there-their-theyre-0395-to-too-two-01,Katie Sanderson,2026-09-10T18:03:04Z,true,false,Katie Sanderson reviewed and copied this human decision.
1,v3-there-their-theyre-0396-to-too-two-01,TO_TOO_TWO,c0104da7b395ba808f8a14fb02b93b15b055948d034020145223c967428f652c,VALID,,true,infinitive,governed_infinitive,[],non-gold-v3-there-their-theyre-0396-to-too-two-01,Katie Sanderson,2026-09-10T18:03:04Z,true,false,Katie Sanderson reviewed and copied this human decision.
1,v3-there-their-theyre-0399-to-too-two-01,TO_TOO_TWO,798036b8dcd336293aa629ec04a7d27b49810918e2e57dd81ae3d02f61db3a62,VALID,,true,infinitive,governed_infinitive,[],non-gold-v3-there-their-theyre-0399-to-too-two-01,Katie Sanderson,2026-09-10T18:03:04Z,true,false,Katie Sanderson reviewed and copied this human decision.
1,v3-your-youre-0001-to-too-two-01,TO_TOO_TWO,706dafde0ad1d6f5a896ee4c44cb50136be9a98c0ef2c3c3bd56b453842b3591,VALID,,true,preposition,destination_or_recipient_preposition,[],non-gold-v3-your-youre-0001-to-too-two-01,Katie Sanderson,2026-09-10T18:03:04Z,true,false,Katie Sanderson reviewed and copied this human decision.
1,v3-your-youre-0002-to-too-two-01,TO_TOO_TWO,fc4db4918da310149b6b14e0d3555b2e2abe0b01ec1d75fbb9150d59b5e3a98b,VALID,,true,preposition,destination_or_recipient_preposition,[],non-gold-v3-your-youre-0002-to-too-two-01,Katie Sanderson,2026-09-10T18:03:04Z,true,false,Katie Sanderson reviewed and copied this human decision.
1,v3-your-youre-0002-to-too-two-02,TO_TOO_TWO,26b1f46ae454e4c3b34b45e7030c3e00621278c7cc74b754997c044939702bbf,VALID,,true,infinitive,governed_infinitive,[],non-gold-v3-your-youre-0002-to-too-two-02,Katie Sanderson,2026-09-10T18:03:04Z,true,false,Katie Sanderson reviewed and copied this human decision.
1,v3-your-youre-0003-to-too-two-01,TO_TOO_TWO,6d541616adfabfe17d83b301ea388598b69583a8a8e54da3981c5781d3727307,VALID,,false,not_applicable,not_applicable,[],non-gold-v3-your-youre-0003-to-too-two-01,Katie Sanderson,2026-09-10T18:03:04Z,true,false,Katie Sanderson reviewed and copied this human decision.
1,v3-your-youre-0005-to-too-two-01,TO_TOO_TWO,07458f0f9e96a4335b64dc9116fadd80bdd311db9313d781c36f8878ad7be64a,VALID,,true,preposition,destination_or_recipient_preposition,[],non-gold-v3-your-youre-0005-to-too-two-01,Katie Sanderson,2026-09-10T18:03:04Z,true,false,Katie Sanderson reviewed and copied this human decision.
1,v3-your-youre-0006-to-too-two-01,TO_TOO_TWO,6a741bcdb9e5d98de085071a0deb920e4a4c4821579fcfc212f6c2f11dcf4204,VALID,,true,preposition,destination_or_recipient_preposition,[],non-gold-v3-your-youre-0006-to-too-two-01,Katie Sanderson,2026-09-10T18:03:04Z,true,false,Katie Sanderson reviewed and copied this human decision.
1,v3-your-youre-0007-to-too-two-01,TO_TOO_TWO,b545ceeaaadd905d998a9f33a4065ac5e3b811f9551bec215e2f53dd4ad0fb67,VALID,,false,not_applicable,not_applicable,[],non-gold-v3-your-youre-0007-to-too-two-01,Katie Sanderson,2026-09-10T18:03:04Z,true,false,Katie Sanderson reviewed and copied this human decision.
1,v3-your-youre-0008-to-too-two-01,TO_TOO_TWO,7ffad8514a0ed69cc39f9c139b76fad1f0650168b4c0d279b012d4c6b8197438,VALID,,true,preposition,destination_or_recipient_preposition,[],non-gold-v3-your-youre-0008-to-too-two-01,Katie Sanderson,2026-09-10T18:03:04Z,true,false,Katie Sanderson reviewed and copied this human decision.
1,v3-your-youre-0011-to-too-two-01,TO_TOO_TWO,aa143073d4ae72d7c1f958dce4ee8fa53c23b6923a0a8e962892dcaacb8c46a9,VALID,,true,preposition,destination_or_recipient_preposition,[],non-gold-v3-your-youre-0011-to-too-two-01,Katie Sanderson,2026-09-10T18:03:04Z,true,false,Katie Sanderson reviewed and copied this human decision.
1,v3-your-youre-0013-to-too-two-01,TO_TOO_TWO,d15d73278fcc6b401dae4f0b14986161445ab8343391c187ff01666324dfd760,VALID,,true,preposition,destination_or_recipient_preposition,[],non-gold-v3-your-youre-0013-to-too-two-01,Katie Sanderson,2026-09-10T18:03:04Z,true,false,Katie Sanderson reviewed and copied this human decision.
1,v3-your-youre-0014-to-too-two-01,TO_TOO_TWO,f3b6565b7e3f264e9d2caaa56629a0806d432ed5cb98a143d1e719a1bde67b13,VALID,,true,infinitive,governed_infinitive,[],non-gold-v3-your-youre-0014-to-too-two-01,Katie Sanderson,2026-09-10T18:03:04Z,true,false,Katie Sanderson reviewed and copied this human decision.
1,v3-your-youre-0017-to-too-two-01,TO_TOO_TWO,96c604309535e85b08f1c5a3ddb79691535fc518d4bff722553b54f1ed07c93c,VALID,,false,not_applicable,not_applicable,[],non-gold-v3-your-youre-0017-to-too-two-01,Katie Sanderson,2026-09-10T18:03:04Z,true,false,Katie Sanderson reviewed and copied this human decision.
1,v3-your-youre-0020-to-too-two-01,TO_TOO_TWO,c3a17e74212a0036677dbcfa9c28a1f8270693415cac5b9c299a9cb51105cb9c,VALID,,true,preposition,destination_or_recipient_preposition,[],non-gold-v3-your-youre-0020-to-too-two-01,Katie Sanderson,2026-09-10T18:03:04Z,true,false,Katie Sanderson reviewed and copied this human decision.
1,v3-your-youre-0021-to-too-two-01,TO_TOO_TWO,f5ba195b70b1152dec6c96f4854493e33177d2213ffec3dca408f95136f974e3,VALID,,true,infinitive,governed_infinitive,[],non-gold-v3-your-youre-0021-to-too-two-01,Katie Sanderson,2026-09-10T18:03:04Z,true,false,Katie Sanderson reviewed and copied this human decision.
1,v3-your-youre-0022-to-too-two-01,TO_TOO_TWO,24b74080ae79fb26f5129ee514091cd9bccc743cb336ff3edfad4cc63fcf7a98,VALID,,false,not_applicable,not_applicable,[],non-gold-v3-your-youre-0022-to-too-two-01,Katie Sanderson,2026-09-10T18:03:04Z,true,false,Katie Sanderson reviewed and copied this human decision.
1,v3-your-youre-0022-to-too-two-02,TO_TOO_TWO,38700fd52665c9aca2ecf3984c149080177ada1c5226653423593c01d70fc009,VALID,,true,preposition,destination_or_recipient_preposition,[],non-gold-v3-your-youre-0022-to-too-two-02,Katie Sanderson,2026-09-10T18:03:04Z,true,false,Katie Sanderson reviewed and copied this human decision.
1,v3-your-youre-0025-to-too-two-01,TO_TOO_TWO,b45585a952fa32fa19f47069f5f7bd0ffdf369efc24c6c692e3bc6859a72c5f4,VALID,,true,infinitive,governed_infinitive,[],non-gold-v3-your-youre-0025-to-too-two-01,Katie Sanderson,2026-09-10T18:03:04Z,true,false,Katie Sanderson reviewed and copied this human decision.
1,v3-your-youre-0027-to-too-two-01,TO_TOO_TWO,d4fed509322071175be91c892353ca6f5e381f27f20efef440dfa9f88b4feadb,VALID,,true,infinitive,governed_infinitive,[],non-gold-v3-your-youre-0027-to-too-two-01,Katie Sanderson,2026-09-10T18:03:04Z,true,false,Katie Sanderson reviewed and copied this human decision.
1,v3-your-youre-0030-to-too-two-01,TO_TOO_TWO,6153ee850f9ba9c74b71a3f1faf147fa4e054652b3c591e2e9f80f2ef347aa11,VALID,,true,preposition,destination_or_recipient_preposition,[],non-gold-v3-your-youre-0030-to-too-two-01,Katie Sanderson,2026-09-10T18:03:04Z,true,false,Katie Sanderson reviewed and copied this human decision.
1,v3-your-youre-0031-to-too-two-01,TO_TOO_TWO,338e50687a7d7edfda8e99a48ac3d3ed979247f04f44daa9bbaec1b4dbca578a,VALID,,true,preposition,destination_or_recipient_preposition,[],non-gold-v3-your-youre-0031-to-too-two-01,Katie Sanderson,2026-09-10T18:03:04Z,true,false,Katie Sanderson reviewed and copied this human decision.
1,v3-your-youre-0032-to-too-two-01,TO_TOO_TWO,1052723141a3023cb39e5e449cb274a7f7111dea5c7791d2cd82589debf162b5,VALID,,true,infinitive,governed_infinitive,[],non-gold-v3-your-youre-0032-to-too-two-01,Katie Sanderson,2026-09-10T18:03:04Z,true,false,Katie Sanderson reviewed and copied this human decision.
1,v3-your-youre-0033-to-too-two-01,TO_TOO_TWO,ce6335925e8b9dc47cc58df1d80edf5da5dbd3a2900e3d54a0ca2ef79df14488,VALID,,true,preposition,destination_or_recipient_preposition,[],non-gold-v3-your-youre-0033-to-too-two-01,Katie Sanderson,2026-09-10T18:03:04Z,true,false,Katie Sanderson reviewed and copied this human decision.
1,v3-your-youre-0034-to-too-two-01,TO_TOO_TWO,89b19f10fa200a47ed0bd2ddf70c99bae70ebd8383f2287e58b83574535bd47d,VALID,,true,infinitive,governed_infinitive,[],non-gold-v3-your-youre-0034-to-too-two-01,Katie Sanderson,2026-09-10T18:03:04Z,true,false,Katie Sanderson reviewed and copied this human decision.
1,v3-your-youre-0035-to-too-two-01,TO_TOO_TWO,10132fe06380bb0c9758b1c1fde0e619e03af68227aba944c65bb3ea9fed4ecd,VALID,,true,infinitive,governed_infinitive,[],non-gold-v3-your-youre-0035-to-too-two-01,Katie Sanderson,2026-09-10T18:03:04Z,true,false,Katie Sanderson reviewed and copied this human decision.
1,v3-your-youre-0036-to-too-two-01,TO_TOO_TWO,253c4bbb6fafc0d43157a5637b2cb25fc65b4465bb845dcf400bab2d7f602ea1,VALID,,true,preposition,destination_or_recipient_preposition,[],non-gold-v3-your-youre-0036-to-too-two-01,Katie Sanderson,2026-09-10T18:03:04Z,true,false,Katie Sanderson reviewed and copied this human decision.
1,v3-your-youre-0037-to-too-two-01,TO_TOO_TWO,0d822fdb1ce205265259c205f202a3c0a18c010202d9c7e904827f5ed0c2cc71,VALID,,false,not_applicable,not_applicable,[],non-gold-v3-your-youre-0037-to-too-two-01,Katie Sanderson,2026-09-10T18:03:04Z,true,false,Katie Sanderson reviewed and copied this human decision.
1,v3-your-youre-0038-to-too-two-01,TO_TOO_TWO,20feac0f891e687b6a1249097a4021594829741cd31bf33abed4cce6bbb68997,VALID,,true,preposition,destination_or_recipient_preposition,[],non-gold-v3-your-youre-0038-to-too-two-01,Katie Sanderson,2026-09-10T18:03:04Z,true,false,Katie Sanderson reviewed and copied this human decision.
1,v3-your-youre-0042-to-too-two-01,TO_TOO_TWO,7848c4c6d05c6687286f37fd66ba31534e527027b9c39081668a4146f477e00e,VALID,,false,not_applicable,not_applicable,[],non-gold-v3-your-youre-0042-to-too-two-01,Katie Sanderson,2026-09-10T18:03:04Z,true,false,Katie Sanderson reviewed and copied this human decision.
1,v3-your-youre-0042-to-too-two-02,TO_TOO_TWO,3339c215cf934f14f23168a9543dddda051d86059beb58b6f4173d2e0697c77b,VALID,,true,infinitive,governed_infinitive,[],non-gold-v3-your-youre-0042-to-too-two-02,Katie Sanderson,2026-09-10T18:03:04Z,true,false,Katie Sanderson reviewed and copied this human decision.
1,v3-your-youre-0043-to-too-two-01,TO_TOO_TWO,cd9346170d2d8679be7d2697ced9ddfd5db4dbe2caebe0acd55bf7ff27ece94d,VALID,,false,not_applicable,not_applicable,[],non-gold-v3-your-youre-0043-to-too-two-01,Katie Sanderson,2026-09-10T18:03:04Z,true,false,Katie Sanderson reviewed and copied this human decision.
1,v3-your-youre-0046-to-too-two-01,TO_TOO_TWO,4d5940252f9e12763eb2afa08ecb380113d2f4ea3ce57b6c5a3c81698c51f0e0,VALID,,true,preposition,destination_or_recipient_preposition,[],non-gold-v3-your-youre-0046-to-too-two-01,Katie Sanderson,2026-09-10T18:03:04Z,true,false,Katie Sanderson reviewed and copied this human decision.
1,v3-your-youre-0050-to-too-two-01,TO_TOO_TWO,6360a77a4f50d1a4a61fda3c3ffd323128fa6dadac258862c981f041d4b6c5c0,VALID,,false,not_applicable,not_applicable,[],non-gold-v3-your-youre-0050-to-too-two-01,Katie Sanderson,2026-09-10T18:03:04Z,true,false,Katie Sanderson reviewed and copied this human decision.
1,v3-your-youre-0050-to-too-two-02,TO_TOO_TWO,bfd7316a55ae9d84c43bfa422f2717ee2de780618fc8b012538c66cc3ae23f6d,VALID,,true,infinitive,governed_infinitive,[],non-gold-v3-your-youre-0050-to-too-two-02,Katie Sanderson,2026-09-10T18:03:04Z,true,false,Katie Sanderson reviewed and copied this human decision.
1,v3-your-youre-0051-to-too-two-01,TO_TOO_TWO,ac6ba82802e586c5614d1e15dffe1bc8490b69bc4ea62d4622612ed5bb1ca5cb,VALID,,true,preposition,destination_or_recipient_preposition,[],non-gold-v3-your-youre-0051-to-too-two-01,Katie Sanderson,2026-09-10T18:03:04Z,true,false,Katie Sanderson reviewed and copied this human decision.
1,v3-your-youre-0052-to-too-two-01,TO_TOO_TWO,17382c42832f9b8528b61cd26dbcc0d681ed62d210937f4bda33c32c0443bdd1,VALID,,true,preposition,destination_or_recipient_preposition,[],non-gold-v3-your-youre-0052-to-too-two-01,Katie Sanderson,2026-09-10T18:03:04Z,true,false,Katie Sanderson reviewed and copied this human decision.
1,v3-your-youre-0052-to-too-two-02,TO_TOO_TWO,fa0b644f8230f4f73d8e317ba9038286cbb6f1dde2a3e25ce6a445c6a1b234ec,VALID,,true,infinitive,governed_infinitive,[],non-gold-v3-your-youre-0052-to-too-two-02,Katie Sanderson,2026-09-10T18:03:04Z,true,false,Katie Sanderson reviewed and copied this human decision.
1,v3-your-youre-0054-to-too-two-01,TO_TOO_TWO,02ddbe94c6c678eb7c03c172cf073d691a87069cefab517a6635486aff8fb514,VALID,,true,preposition,destination_or_recipient_preposition,[],non-gold-v3-your-youre-0054-to-too-two-01,Katie Sanderson,2026-09-10T18:03:04Z,true,false,Katie Sanderson reviewed and copied this human decision.
1,v3-your-youre-0055-to-too-two-01,TO_TOO_TWO,0de8179ddd4bf5a32572f71f141f6cf5a740a400fa4e6e4a2d6117a85c655a4b,VALID,,true,infinitive,governed_infinitive,[],non-gold-v3-your-youre-0055-to-too-two-01,Katie Sanderson,2026-09-10T18:03:04Z,true,false,Katie Sanderson reviewed and copied this human decision.
1,v3-your-youre-0056-to-too-two-01,TO_TOO_TWO,2cdbfe8266338b0914b1e536b53932e473b4c5e5161822a4d272e0ad4f8a0f0e,VALID,,false,not_applicable,not_applicable,[],non-gold-v3-your-youre-0056-to-too-two-01,Katie Sanderson,2026-09-10T18:03:04Z,true,false,Katie Sanderson reviewed and copied this human decision.
1,v3-your-youre-0057-to-too-two-01,TO_TOO_TWO,7ab94866e59a8e98cad3369b5125c72a6c22c4e1fd7f5e2a8b08db227daee9ce,VALID,,true,preposition,destination_or_recipient_preposition,[],non-gold-v3-your-youre-0057-to-too-two-01,Katie Sanderson,2026-09-10T18:03:04Z,true,false,Katie Sanderson reviewed and copied this human decision.
1,v3-your-youre-0057-to-too-two-02,TO_TOO_TWO,8d5a0ee5b3717416e4054d1e5b6f80a6f42e9ec0acc08d5731a9796161c0ff71,VALID,,true,preposition,destination_or_recipient_preposition,[],non-gold-v3-your-youre-0057-to-too-two-02,Katie Sanderson,2026-09-10T18:03:04Z,true,false,Katie Sanderson reviewed and copied this human decision.
1,v3-your-youre-0058-to-too-two-01,TO_TOO_TWO,7fe59a13f669beadcc9a2bf47aa0af46b9e42982f586df76d9f1d085833505f4,VALID,,false,not_applicable,not_applicable,[],non-gold-v3-your-youre-0058-to-too-two-01,Katie Sanderson,2026-09-10T18:03:04Z,true,false,Katie Sanderson reviewed and copied this human decision.
1,v3-your-youre-0058-to-too-two-02,TO_TOO_TWO,1891f4160ad0bc0df99d2cd33d192de07e284889ff62339593483ef132ba6dab,VALID,,true,infinitive,governed_infinitive,[],non-gold-v3-your-youre-0058-to-too-two-02,Katie Sanderson,2026-09-10T18:03:04Z,true,false,Katie Sanderson reviewed and copied this human decision.
1,v3-your-youre-0059-to-too-two-01,TO_TOO_TWO,001f46c04d94c71f66d3b16b97df58916950152b5d728a79b6c04736d444db5a,VALID,,true,infinitive,governed_infinitive,[],non-gold-v3-your-youre-0059-to-too-two-01,Katie Sanderson,2026-09-10T18:03:04Z,true,false,Katie Sanderson reviewed and copied this human decision.
1,v3-your-youre-0060-to-too-two-01,TO_TOO_TWO,9f7c81aa6dcf7baa259c2f62e8890b778da6fe9b021e1f459e84e9e7f46a1f4d,VALID,,true,infinitive,governed_infinitive,[],non-gold-v3-your-youre-0060-to-too-two-01,Katie Sanderson,2026-09-10T18:03:04Z,true,false,Katie Sanderson reviewed and copied this human decision.
1,v3-your-youre-0061-to-too-two-01,TO_TOO_TWO,4a8f66ae0fa057f0b033420f5d42691675409965e69e73d7fff14c380748e3ee,VALID,,true,preposition,destination_or_recipient_preposition,[],non-gold-v3-your-youre-0061-to-too-two-01,Katie Sanderson,2026-09-10T18:03:04Z,true,false,Katie Sanderson reviewed and copied this human decision.
1,v3-your-youre-0064-to-too-two-01,TO_TOO_TWO,ccffe4bfc526ccc6258f545e88db2c3a43e393db6ebef5c1ea208c11f845550d,VALID,,false,not_applicable,not_applicable,[],non-gold-v3-your-youre-0064-to-too-two-01,Katie Sanderson,2026-09-10T18:03:04Z,true,false,Katie Sanderson reviewed and copied this human decision.
1,v3-your-youre-0065-to-too-two-01,TO_TOO_TWO,b82d0de3a4506b8a1bbb67b8badc58c8db29ad4e3f7e2bbd0e0c41a4cb19f30f,VALID,,true,infinitive,governed_infinitive,[],non-gold-v3-your-youre-0065-to-too-two-01,Katie Sanderson,2026-09-10T18:03:04Z,true,false,Katie Sanderson reviewed and copied this human decision.
1,v3-your-youre-0066-to-too-two-01,TO_TOO_TWO,ce0dc6f029ea1828d7405f6bd0a3faad3c426d262934f454ad353e4051917b89,VALID,,true,infinitive,governed_infinitive,[],non-gold-v3-your-youre-0066-to-too-two-01,Katie Sanderson,2026-09-10T18:03:04Z,true,false,Katie Sanderson reviewed and copied this human decision.
1,v3-your-youre-0069-to-too-two-01,TO_TOO_TWO,a338e01350cb63dca335d18a5c915b3b5d5f55c3a2a93a23960f6603301201f0,VALID,,false,not_applicable,not_applicable,[],non-gold-v3-your-youre-0069-to-too-two-01,Katie Sanderson,2026-09-10T18:03:04Z,true,false,Katie Sanderson reviewed and copied this human decision.
1,v3-your-youre-0070-to-too-two-01,TO_TOO_TWO,1e61b42fea37dd8305b3259ef2073e873a4a98058eddda758a1c03896d3b5c38,VALID,,false,not_applicable,not_applicable,[],non-gold-v3-your-youre-0070-to-too-two-01,Katie Sanderson,2026-09-10T18:03:04Z,true,false,Katie Sanderson reviewed and copied this human decision.
1,v3-your-youre-0072-to-too-two-01,TO_TOO_TWO,1c7231ec9686120c0739de512df4fd198da8664efd2ae1cb14b685e236a068d4,VALID,,false,not_applicable,not_applicable,[],non-gold-v3-your-youre-0072-to-too-two-01,Katie Sanderson,2026-09-10T18:03:04Z,true,false,Katie Sanderson reviewed and copied this human decision.
1,v3-your-youre-0072-to-too-two-02,TO_TOO_TWO,9eca092049c7893378b521a5f5fb14bad9ef1d6e820b095cd5513a7be4c030c5,VALID,,true,preposition,destination_or_recipient_preposition,[],non-gold-v3-your-youre-0072-to-too-two-02,Katie Sanderson,2026-09-10T18:03:04Z,true,false,Katie Sanderson reviewed and copied this human decision.
1,v3-your-youre-0074-to-too-two-01,TO_TOO_TWO,58aa3b85246d147947b3a17615ddb6ffdfdcc5a5de747659b36727c1dbb72edf,VALID,,true,infinitive,governed_infinitive,[],non-gold-v3-your-youre-0074-to-too-two-01,Katie Sanderson,2026-09-10T18:03:04Z,true,false,Katie Sanderson reviewed and copied this human decision.
1,v3-your-youre-0079-to-too-two-01,TO_TOO_TWO,475457e0bbfe8446db373e56eec305e0fcc9571a111b039e49c393fe13f7e6d7,VALID,,true,preposition,destination_or_recipient_preposition,[],non-gold-v3-your-youre-0079-to-too-two-01,Katie Sanderson,2026-09-10T18:03:04Z,true,false,Katie Sanderson reviewed and copied this human decision.
1,v3-your-youre-0081-to-too-two-01,TO_TOO_TWO,c98b2b5943fdb525d544f24decb29169252a9a108d2b0350963c1a89bf4d05be,VALID,,true,preposition,destination_or_recipient_preposition,[],non-gold-v3-your-youre-0081-to-too-two-01,Katie Sanderson,2026-09-10T18:03:04Z,true,false,Katie Sanderson reviewed and copied this human decision.
1,v3-your-youre-0087-to-too-two-01,TO_TOO_TWO,d998b9f301e6feb6e72b96721223df8f6d0d330e4f146b9cc9531641546bea31,VALID,,true,preposition,destination_or_recipient_preposition,[],non-gold-v3-your-youre-0087-to-too-two-01,Katie Sanderson,2026-09-10T18:03:04Z,true,false,Katie Sanderson reviewed and copied this human decision.
1,v3-your-youre-0088-to-too-two-01,TO_TOO_TWO,7075b2af6f35344f859ccce76085f1ff258e6d88fcac7ce8ece7d83e9c2076b5,VALID,,true,infinitive,governed_infinitive,[],non-gold-v3-your-youre-0088-to-too-two-01,Katie Sanderson,2026-09-10T18:03:04Z,true,false,Katie Sanderson reviewed and copied this human decision.
1,v3-your-youre-0091-to-too-two-01,TO_TOO_TWO,0156528039874c6445a8442897dccb2144e4e13b09335103b3ba9a1e69da0c8d,VALID,,true,infinitive,governed_infinitive,[],non-gold-v3-your-youre-0091-to-too-two-01,Katie Sanderson,2026-09-10T18:03:04Z,true,false,Katie Sanderson reviewed and copied this human decision.
1,v3-your-youre-0093-to-too-two-01,TO_TOO_TWO,9e75cd55d34b22f8c0582a64977c9f158defff824538aa918c95d572de5f3971,VALID,,true,infinitive,governed_infinitive,[],non-gold-v3-your-youre-0093-to-too-two-01,Katie Sanderson,2026-09-10T18:03:04Z,true,false,Katie Sanderson reviewed and copied this human decision.
1,v3-your-youre-0094-to-too-two-01,TO_TOO_TWO,57d44a9838b8585cc69ca3ec0223f3b698fc8f2005fdb2acbe2f023c7b7defde,VALID,,true,infinitive,governed_infinitive,[],non-gold-v3-your-youre-0094-to-too-two-01,Katie Sanderson,2026-09-10T18:03:04Z,true,false,Katie Sanderson reviewed and copied this human decision.
1,v3-your-youre-0095-to-too-two-01,TO_TOO_TWO,ef6534e18c6f9a918bd7cbadf7cdc62e6e7f63ffc5293f1dc165961606824ba2,VALID,,true,infinitive,governed_infinitive,[],non-gold-v3-your-youre-0095-to-too-two-01,Katie Sanderson,2026-09-10T18:03:04Z,true,false,Katie Sanderson reviewed and copied this human decision.
1,v3-your-youre-0097-to-too-two-01,TO_TOO_TWO,e086336487c6590feeb15654582d34a38082e99277731bd1a9d441ae13f90412,VALID,,true,preposition,destination_or_recipient_preposition,[],non-gold-v3-your-youre-0097-to-too-two-01,Katie Sanderson,2026-09-10T18:03:04Z,true,false,Katie Sanderson reviewed and copied this human decision.
1,v3-your-youre-0099-to-too-two-01,TO_TOO_TWO,aaf6b5f021990c1ba2917ada95c0303cdb14b92f1141483739ad215d6d354ca1,VALID,,true,infinitive,governed_infinitive,[],non-gold-v3-your-youre-0099-to-too-two-01,Katie Sanderson,2026-09-10T18:03:04Z,true,false,Katie Sanderson reviewed and copied this human decision.
1,v3-your-youre-0103-to-too-two-01,TO_TOO_TWO,a2521633b3e5139e5b7856e7777026fb586900755c557c5d1b81a2c296de4ddc,VALID,,true,infinitive,governed_infinitive,[],non-gold-v3-your-youre-0103-to-too-two-01,Katie Sanderson,2026-09-10T18:03:04Z,true,false,Katie Sanderson reviewed and copied this human decision.
1,v3-your-youre-0104-to-too-two-01,TO_TOO_TWO,fb53af801009aaf1ae0d603d88820217e4632069b9807bcc162749198a31e455,VALID,,true,infinitive,governed_infinitive,[],non-gold-v3-your-youre-0104-to-too-two-01,Katie Sanderson,2026-09-10T18:03:04Z,true,false,Katie Sanderson reviewed and copied this human decision.
1,v3-your-youre-0105-to-too-two-01,TO_TOO_TWO,6bbe7c1c2b7b8832e6c7e7f3a1f18d77a81095c9d0e62dd80f387bfc1059f99b,VALID,,true,preposition,destination_or_recipient_preposition,[],non-gold-v3-your-youre-0105-to-too-two-01,Katie Sanderson,2026-09-10T18:03:04Z,true,false,Katie Sanderson reviewed and copied this human decision.
1,v3-your-youre-0105-to-too-two-02,TO_TOO_TWO,3b6af7ea25e0183ed2279b2f5c14514f76fa9946b6b658db7e8ff9b46e1c31f6,VALID,,true,preposition,destination_or_recipient_preposition,[],non-gold-v3-your-youre-0105-to-too-two-02,Katie Sanderson,2026-09-10T18:03:04Z,true,false,Katie Sanderson reviewed and copied this human decision.
1,v3-your-youre-0106-to-too-two-01,TO_TOO_TWO,93b475ee6932fe14579bbd7e184387edfef2602c3d18cb6fe3a4b2de27ac90ba,VALID,,true,infinitive,governed_infinitive,[],non-gold-v3-your-youre-0106-to-too-two-01,Katie Sanderson,2026-09-10T18:03:04Z,true,false,Katie Sanderson reviewed and copied this human decision.
1,v3-your-youre-0106-to-too-two-02,TO_TOO_TWO,bd4a437a388f0089e4e8b0a1eb24190e090324b1a58f305ce161ae063075a147,VALID,,true,infinitive,governed_infinitive,[],non-gold-v3-your-youre-0106-to-too-two-02,Katie Sanderson,2026-09-10T18:03:04Z,true,false,Katie Sanderson reviewed and copied this human decision.
1,v3-your-youre-0107-to-too-two-01,TO_TOO_TWO,48c2c6f427797d8644f3ac48b5b3314fb495b6a1b053f7706e35430ed5b45b6f,VALID,,true,infinitive,governed_infinitive,[],non-gold-v3-your-youre-0107-to-too-two-01,Katie Sanderson,2026-09-10T18:03:04Z,true,false,Katie Sanderson reviewed and copied this human decision.
1,v3-your-youre-0110-to-too-two-01,TO_TOO_TWO,163f1f86a5713b95cd1949007b048c29970e0f7808f71c845f914a3fadd3c71c,VALID,,true,infinitive,governed_infinitive,[],non-gold-v3-your-youre-0110-to-too-two-01,Katie Sanderson,2026-09-10T18:03:04Z,true,false,Katie Sanderson reviewed and copied this human decision.
1,v3-your-youre-0113-to-too-two-01,TO_TOO_TWO,5ef4be9da2be83f0876b759152ca46713f68a3b61081006e6217924c3d8fd8e6,VALID,,true,infinitive,governed_infinitive,[],non-gold-v3-your-youre-0113-to-too-two-01,Katie Sanderson,2026-09-10T18:03:04Z,true,false,Katie Sanderson reviewed and copied this human decision.
1,v3-your-youre-0115-to-too-two-01,TO_TOO_TWO,d0a9e0febb617a2412cd72f6736f4788ebd31d8d4d73b06e8ccb4df353cf2e47,VALID,,true,preposition,destination_or_recipient_preposition,[],non-gold-v3-your-youre-0115-to-too-two-01,Katie Sanderson,2026-09-10T18:03:04Z,true,false,Katie Sanderson reviewed and copied this human decision.
1,v3-your-youre-0116-to-too-two-01,TO_TOO_TWO,78bdbe0b0c3d54e8246cfc8542472cdb030d75572d5baa47cc3d1b552a47158f,VALID,,true,infinitive,governed_infinitive,[],non-gold-v3-your-youre-0116-to-too-two-01,Katie Sanderson,2026-09-10T18:03:04Z,true,false,Katie Sanderson reviewed and copied this human decision.
1,v3-your-youre-0117-to-too-two-01,TO_TOO_TWO,f74d418be14b5510b57d8968a3be00247bdf53927623c5cb9c5536fb685e8617,VALID,,true,preposition,destination_or_recipient_preposition,[],non-gold-v3-your-youre-0117-to-too-two-01,Katie Sanderson,2026-09-10T18:03:04Z,true,false,Katie Sanderson reviewed and copied this human decision.
1,v3-your-youre-0118-to-too-two-01,TO_TOO_TWO,b69f302c95f994987dd72f9a2efd059fd404f4e75fb4b0e1ad403fb02f29e62b,VALID,,true,preposition,destination_or_recipient_preposition,[],non-gold-v3-your-youre-0118-to-too-two-01,Katie Sanderson,2026-09-10T18:03:04Z,true,false,Katie Sanderson reviewed and copied this human decision.
1,v3-your-youre-0121-to-too-two-01,TO_TOO_TWO,28d9af6c47d3c9878a864b40fde043de957812731a2f54afbb4474453042fadb,VALID,,true,infinitive,governed_infinitive,[],non-gold-v3-your-youre-0121-to-too-two-01,Katie Sanderson,2026-09-10T18:03:04Z,true,false,Katie Sanderson reviewed and copied this human decision.
1,v3-your-youre-0121-to-too-two-02,TO_TOO_TWO,8c1fa5c03b336b60cbb3dcd5236976ca19a7e2c60259ece30a9ef61735eeb2c9,VALID,,true,infinitive,governed_infinitive,[],non-gold-v3-your-youre-0121-to-too-two-02,Katie Sanderson,2026-09-10T18:03:04Z,true,false,Katie Sanderson reviewed and copied this human decision.
1,v3-your-youre-0122-to-too-two-01,TO_TOO_TWO,033d9fa179dd8f16bb55ba08ac54c8bd323c4727b3cefcf450483f16d6b88ddc,VALID,,true,infinitive,governed_infinitive,[],non-gold-v3-your-youre-0122-to-too-two-01,Katie Sanderson,2026-09-10T18:03:04Z,true,false,Katie Sanderson reviewed and copied this human decision.
1,v3-your-youre-0123-to-too-two-01,TO_TOO_TWO,06b674741346980639f5b7766bd3f4ca522ff650922b228286bbb948409c1308,VALID,,true,infinitive,governed_infinitive,[],non-gold-v3-your-youre-0123-to-too-two-01,Katie Sanderson,2026-09-10T18:03:04Z,true,false,Katie Sanderson reviewed and copied this human decision.
1,v3-your-youre-0124-to-too-two-01,TO_TOO_TWO,2e99abf49ee705ebd443f48e08d7a841ef9b5bcfccfd4927d736770800d5e02c,VALID,,true,preposition,destination_or_recipient_preposition,[],non-gold-v3-your-youre-0124-to-too-two-01,Katie Sanderson,2026-09-10T18:03:04Z,true,false,Katie Sanderson reviewed and copied this human decision.
1,v3-your-youre-0126-to-too-two-01,TO_TOO_TWO,4cf1db4f960bff7721b5a5d5f1b1bf1e3c7d9ab2e9cf43116a53f21af1757d56,VALID,,true,infinitive,governed_infinitive,[],non-gold-v3-your-youre-0126-to-too-two-01,Katie Sanderson,2026-09-10T18:03:04Z,true,false,Katie Sanderson reviewed and copied this human decision.
1,v3-your-youre-0126-to-too-two-02,TO_TOO_TWO,bc8cd0b60be507a8477e097d022b575ce1f4bf3c620c11b1b5b91cc2e4ec8542,VALID,,true,preposition,destination_or_recipient_preposition,[],non-gold-v3-your-youre-0126-to-too-two-02,Katie Sanderson,2026-09-10T18:03:04Z,true,false,Katie Sanderson reviewed and copied this human decision.
1,v3-your-youre-0129-to-too-two-01,TO_TOO_TWO,363ba806ce7e74e802ee7c315de53be4f1712a4097ab4965367b8231ad98aaed,VALID,,true,preposition,destination_or_recipient_preposition,[],non-gold-v3-your-youre-0129-to-too-two-01,Katie Sanderson,2026-09-10T18:03:04Z,true,false,Katie Sanderson reviewed and copied this human decision.
1,v3-your-youre-0129-to-too-two-02,TO_TOO_TWO,19c1ef77231aaa4bbd33756d2d842bd5a7211bf0be680219680ebd93d7dc29a3,VALID,,true,infinitive,governed_infinitive,[],non-gold-v3-your-youre-0129-to-too-two-02,Katie Sanderson,2026-09-10T18:03:04Z,true,false,Katie Sanderson reviewed and copied this human decision.
1,v3-your-youre-0131-to-too-two-01,TO_TOO_TWO,a55e09d253a9e57080d2d59ab1fb569f89489dff17046338bde625ad77eaacdb,VALID,,true,preposition,destination_or_recipient_preposition,[],non-gold-v3-your-youre-0131-to-too-two-01,Katie Sanderson,2026-09-10T18:03:04Z,true,false,Katie Sanderson reviewed and copied this human decision.
1,v3-your-youre-0131-to-too-two-02,TO_TOO_TWO,746d046894bca9d0dbca5ef4c8ef58b24fdf6f2c59ecbd30a173429e76e57486,VALID,,true,infinitive,governed_infinitive,[],non-gold-v3-your-youre-0131-to-too-two-02,Katie Sanderson,2026-09-10T18:03:04Z,true,false,Katie Sanderson reviewed and copied this human decision.
1,v3-your-youre-0132-to-too-two-01,TO_TOO_TWO,d026bd6e9954a8f075267635b02ce42c90025e3a50bfca962a6e95e524b7ff9d,VALID,,true,infinitive,governed_infinitive,[],non-gold-v3-your-youre-0132-to-too-two-01,Katie Sanderson,2026-09-10T18:03:04Z,true,false,Katie Sanderson reviewed and copied this human decision.
1,v3-your-youre-0132-to-too-two-02,TO_TOO_TWO,6ba96000c0b55260b3633eec3a228d77bfa3c44b53663d7da09de1cb71b93299,VALID,,true,infinitive,governed_infinitive,[],non-gold-v3-your-youre-0132-to-too-two-02,Katie Sanderson,2026-09-10T18:03:04Z,true,false,Katie Sanderson reviewed and copied this human decision.
1,v3-your-youre-0134-to-too-two-01,TO_TOO_TWO,fa92db89067c54dfbdccea70faf493f3140825e113305b59164e4df2b556bbef,VALID,,true,preposition,destination_or_recipient_preposition,[],non-gold-v3-your-youre-0134-to-too-two-01,Katie Sanderson,2026-09-10T18:03:04Z,true,false,Katie Sanderson reviewed and copied this human decision.
1,v3-your-youre-0135-to-too-two-01,TO_TOO_TWO,0293aa74f15db164c5d77d5e9173c7b6e41f73ec1a09b2adf6969b35fca0c770,VALID,,true,infinitive,governed_infinitive,[],non-gold-v3-your-youre-0135-to-too-two-01,Katie Sanderson,2026-09-10T18:03:04Z,true,false,Katie Sanderson reviewed and copied this human decision.
1,v3-your-youre-0136-to-too-two-01,TO_TOO_TWO,9513fb6185b4528a7a1f25df69c65ba252d461726b1051290b5c6c770c9115d6,VALID,,true,preposition,destination_or_recipient_preposition,[],non-gold-v3-your-youre-0136-to-too-two-01,Katie Sanderson,2026-09-10T18:03:04Z,true,false,Katie Sanderson reviewed and copied this human decision.
1,v3-your-youre-0139-to-too-two-01,TO_TOO_TWO,ea28450b6f047cef7e7c2e899c03b8558b78db6722389789862def37184bda32,VALID,,true,infinitive,governed_infinitive,[],non-gold-v3-your-youre-0139-to-too-two-01,Katie Sanderson,2026-09-10T18:03:04Z,true,false,Katie Sanderson reviewed and copied this human decision.
1,v3-your-youre-0140-to-too-two-01,TO_TOO_TWO,335ab970132884d18c5bc0286812ae8ba7340fd314f3e1384c664e847e419ab1,VALID,,true,infinitive,governed_infinitive,[],non-gold-v3-your-youre-0140-to-too-two-01,Katie Sanderson,2026-09-10T18:03:04Z,true,false,Katie Sanderson reviewed and copied this human decision.
1,v3-your-youre-0141-to-too-two-01,TO_TOO_TWO,3601d9ca309a00dbdd3ecf3c84374958e446e4ff74013deca830a314c3fc65fa,VALID,,true,preposition,destination_or_recipient_preposition,[],non-gold-v3-your-youre-0141-to-too-two-01,Katie Sanderson,2026-09-10T18:03:04Z,true,false,Katie Sanderson reviewed and copied this human decision.
1,v3-your-youre-0143-to-too-two-01,TO_TOO_TWO,7352ff901a3a5b11cd29e5444e85800c759f64979f5e2fd6637f1d372976786c,VALID,,true,infinitive,governed_infinitive,[],non-gold-v3-your-youre-0143-to-too-two-01,Katie Sanderson,2026-09-10T18:03:04Z,true,false,Katie Sanderson reviewed and copied this human decision.
1,v3-your-youre-0144-to-too-two-01,TO_TOO_TWO,47513dae967169d87c8f1903d1691500e2fbcfe1de14eb1ea335d3504155d048,VALID,,true,infinitive,governed_infinitive,[],non-gold-v3-your-youre-0144-to-too-two-01,Katie Sanderson,2026-09-10T18:03:04Z,true,false,Katie Sanderson reviewed and copied this human decision.
1,v3-your-youre-0145-to-too-two-01,TO_TOO_TWO,006fb7a83a2773d7232181e3243b1470b1cc7635b9943a8d8942fcd0fd085740,VALID,,true,infinitive,governed_infinitive,[],non-gold-v3-your-youre-0145-to-too-two-01,Katie Sanderson,2026-09-10T18:03:04Z,true,false,Katie Sanderson reviewed and copied this human decision.
1,v3-your-youre-0146-to-too-two-01,TO_TOO_TWO,942b671d237b9d4ba0d130f17d40519f0e9c47b0d450d9c42918f233151088f7,VALID,,true,infinitive,governed_infinitive,[],non-gold-v3-your-youre-0146-to-too-two-01,Katie Sanderson,2026-09-10T18:03:04Z,true,false,Katie Sanderson reviewed and copied this human decision.
1,v3-your-youre-0146-to-too-two-02,TO_TOO_TWO,45d00ffc94da9b18f5b76bb73a878fa8d487c5dc76a92628bd0ca22bcd8205a7,VALID,,true,infinitive,governed_infinitive,[],non-gold-v3-your-youre-0146-to-too-two-02,Katie Sanderson,2026-09-10T18:03:04Z,true,false,Katie Sanderson reviewed and copied this human decision.
1,v3-your-youre-0150-to-too-two-01,TO_TOO_TWO,c8e32f93d57d50c91ff7f87b7657aa1a9b194cfe6b7d1c95d57a6393d9aa1fbb,VALID,,true,infinitive,governed_infinitive,[],non-gold-v3-your-youre-0150-to-too-two-01,Katie Sanderson,2026-09-10T18:03:04Z,true,false,Katie Sanderson reviewed and copied this human decision.
1,v3-your-youre-0151-to-too-two-01,TO_TOO_TWO,8eb42a9d444a725648263cdc4f3c852668eda3d3e781babe2d2ba7011a7c48bb,VALID,,true,infinitive,governed_infinitive,[],non-gold-v3-your-youre-0151-to-too-two-01,Katie Sanderson,2026-09-10T18:03:04Z,true,false,Katie Sanderson reviewed and copied this human decision.
1,v3-your-youre-0156-to-too-two-01,TO_TOO_TWO,4c6dfd0ddb4f38d8a58294c45c77ca0bd4992fc6f3fd0b329603b9e1a61ec980,VALID,,true,infinitive,governed_infinitive,[],non-gold-v3-your-youre-0156-to-too-two-01,Katie Sanderson,2026-09-10T18:03:04Z,true,false,Katie Sanderson reviewed and copied this human decision.
1,v3-your-youre-0158-to-too-two-01,TO_TOO_TWO,91e6e3a5f55b7a0f63f3e079f0dcf9d7f05f806006cc0819cdeedbb884779b6c,VALID,,true,infinitive,governed_infinitive,[],non-gold-v3-your-youre-0158-to-too-two-01,Katie Sanderson,2026-09-10T18:03:04Z,true,false,Katie Sanderson reviewed and copied this human decision.
1,v3-your-youre-0161-to-too-two-01,TO_TOO_TWO,89ad28979f63ffca1a8e053571b2e95b7f90a1238870f7fcf5555fdc144cba0f,VALID,,true,infinitive,governed_infinitive,[],non-gold-v3-your-youre-0161-to-too-two-01,Katie Sanderson,2026-09-10T18:03:04Z,true,false,Katie Sanderson reviewed and copied this human decision.
1,v3-your-youre-0165-to-too-two-01,TO_TOO_TWO,dcdc053ffac70843b09f9bb71a89c9e6f98449742008205ded7504a39af8c52d,VALID,,true,infinitive,governed_infinitive,[],non-gold-v3-your-youre-0165-to-too-two-01,Katie Sanderson,2026-09-10T18:03:04Z,true,false,Katie Sanderson reviewed and copied this human decision.
1,v3-your-youre-0168-to-too-two-01,TO_TOO_TWO,0a7ecfd1b5931ea66d037a1c99d06337ba30d000bff77860aa0001eee56983bd,VALID,,true,infinitive,governed_infinitive,[],non-gold-v3-your-youre-0168-to-too-two-01,Katie Sanderson,2026-09-10T18:03:04Z,true,false,Katie Sanderson reviewed and copied this human decision.
1,v3-your-youre-0169-to-too-two-01,TO_TOO_TWO,05c10dd3b12225925bbf64d3e58bd7221eb5420d4846da5cd4429f333c3f9d7a,VALID,,true,preposition,destination_or_recipient_preposition,[],non-gold-v3-your-youre-0169-to-too-two-01,Katie Sanderson,2026-09-10T18:03:04Z,true,false,Katie Sanderson reviewed and copied this human decision.
1,v3-your-youre-0170-to-too-two-01,TO_TOO_TWO,7a6eea6afbc1305c55f6a6578bcb8b1bc15c7d6f537a7c318943df420ef7e744,VALID,,true,infinitive,governed_infinitive,[],non-gold-v3-your-youre-0170-to-too-two-01,Katie Sanderson,2026-09-10T18:03:04Z,true,false,Katie Sanderson reviewed and copied this human decision.
1,v3-your-youre-0171-to-too-two-01,TO_TOO_TWO,826d5ca43b35a927c7c4bdf834308c8c242f173726cb5c2940ad4083a47caaf9,VALID,,true,infinitive,governed_infinitive,[],non-gold-v3-your-youre-0171-to-too-two-01,Katie Sanderson,2026-09-10T18:03:04Z,true,false,Katie Sanderson reviewed and copied this human decision.
1,v3-your-youre-0174-to-too-two-01,TO_TOO_TWO,6b429baf22a0deb5ccd8356924a2ad6d636b7999f0fd9f9111efced0756ef784,VALID,,true,infinitive,governed_infinitive,[],non-gold-v3-your-youre-0174-to-too-two-01,Katie Sanderson,2026-09-10T18:03:04Z,true,false,Katie Sanderson reviewed and copied this human decision.
1,v3-your-youre-0177-to-too-two-01,TO_TOO_TWO,254d16231bfefe65d8aba879f5742d18cfe402863b123c04bc6fac061ba0ad53,VALID,,true,infinitive,governed_infinitive,[],non-gold-v3-your-youre-0177-to-too-two-01,Katie Sanderson,2026-09-10T18:03:04Z,true,false,Katie Sanderson reviewed and copied this human decision.
1,v3-your-youre-0181-to-too-two-01,TO_TOO_TWO,9efdda94b8b5b8a44df576a3c5c85eb86803336a799a16d08f901608fe079615,VALID,,true,preposition,destination_or_recipient_preposition,[],non-gold-v3-your-youre-0181-to-too-two-01,Katie Sanderson,2026-09-10T18:03:04Z,true,false,Katie Sanderson reviewed and copied this human decision.
1,v3-your-youre-0187-to-too-two-01,TO_TOO_TWO,c646ee37e96ab8922b95962184a289b0e6e9f25b69a132edffe1826fe0a43ec6,VALID,,true,preposition,destination_or_recipient_preposition,[],non-gold-v3-your-youre-0187-to-too-two-01,Katie Sanderson,2026-09-10T18:03:04Z,true,false,Katie Sanderson reviewed and copied this human decision.
1,v3-your-youre-0189-to-too-two-01,TO_TOO_TWO,8b00df43936f18effe7c19cd6511135da5a4aea942aa151511c81a6b3653ff11,VALID,,true,preposition,destination_or_recipient_preposition,[],non-gold-v3-your-youre-0189-to-too-two-01,Katie Sanderson,2026-09-10T18:03:04Z,true,false,Katie Sanderson reviewed and copied this human decision.
1,v3-your-youre-0190-to-too-two-01,TO_TOO_TWO,0fb1ba53298573d05c1768a3d71bd3c939f8bbecc8b9b6f653098a838c517748,VALID,,true,infinitive,governed_infinitive,[],non-gold-v3-your-youre-0190-to-too-two-01,Katie Sanderson,2026-09-10T18:03:04Z,true,false,Katie Sanderson reviewed and copied this human decision.
1,v3-your-youre-0193-to-too-two-01,TO_TOO_TWO,11c2c6bb20435b273d66bff72cc6f4b7a1425d019a85544691d9f4caef03dfcc,VALID,,true,infinitive,governed_infinitive,[],non-gold-v3-your-youre-0193-to-too-two-01,Katie Sanderson,2026-09-10T18:03:04Z,true,false,Katie Sanderson reviewed and copied this human decision.
1,v3-your-youre-0197-to-too-two-01,TO_TOO_TWO,9f0b8034fe9285066abbb70ddd0285531329fe66c106987431f278ece2c80409,VALID,,true,infinitive,governed_infinitive,[],non-gold-v3-your-youre-0197-to-too-two-01,Katie Sanderson,2026-09-10T18:03:04Z,true,false,Katie Sanderson reviewed and copied this human decision.
1,v3-your-youre-0198-to-too-two-01,TO_TOO_TWO,ac2fc548f0cb524ba3984df41cd19472b2c8dcbc0067a07a02403d65be04a478,VALID,,true,infinitive,governed_infinitive,[],non-gold-v3-your-youre-0198-to-too-two-01,Katie Sanderson,2026-09-10T18:03:04Z,true,false,Katie Sanderson reviewed and copied this human decision.
1,v3-your-youre-0200-to-too-two-01,TO_TOO_TWO,cfc25f6edcc51d04c53906974cb69638984db0fd5a52f5a31a53c5478f4f72d4,VALID,,true,infinitive,governed_infinitive,[],non-gold-v3-your-youre-0200-to-too-two-01,Katie Sanderson,2026-09-10T18:03:04Z,true,false,Katie Sanderson reviewed and copied this human decision.
1,v3-your-youre-0204-to-too-two-01,TO_TOO_TWO,3745688cdfcaf99754cfece6e621161aa3009662fa5ff3a8cd1a17157f6c1f2d,VALID,,true,preposition,destination_or_recipient_preposition,[],non-gold-v3-your-youre-0204-to-too-two-01,Katie Sanderson,2026-09-10T18:03:04Z,true,false,Katie Sanderson reviewed and copied this human decision.
1,v3-your-youre-0209-to-too-two-01,TO_TOO_TWO,0540db4eb70bcef7eeaae2e1c358569c839c1adec4968398357d334a65c5021b,VALID,,true,infinitive,governed_infinitive,[],non-gold-v3-your-youre-0209-to-too-two-01,Katie Sanderson,2026-09-10T18:03:04Z,true,false,Katie Sanderson reviewed and copied this human decision.
1,v3-your-youre-0210-to-too-two-01,TO_TOO_TWO,0befb2a6a0294e3203f4411be211542dd1b6dfc138e814dbe96cc1ec872165ab,VALID,,true,infinitive,governed_infinitive,[],non-gold-v3-your-youre-0210-to-too-two-01,Katie Sanderson,2026-09-10T18:03:04Z,true,false,Katie Sanderson reviewed and copied this human decision.
1,v3-your-youre-0213-to-too-two-01,TO_TOO_TWO,3c988e1da5086d326cae450df1741d91347926c53f68a11d57a9488ba6adbe67,VALID,,true,infinitive,governed_infinitive,[],non-gold-v3-your-youre-0213-to-too-two-01,Katie Sanderson,2026-09-10T18:03:04Z,true,false,Katie Sanderson reviewed and copied this human decision.
1,v3-your-youre-0218-to-too-two-01,TO_TOO_TWO,d2e1afea97f0ca2977c8cb5b8be9f3383c70fd2da91d4917a33615a55957a16d,VALID,,true,preposition,destination_or_recipient_preposition,[],non-gold-v3-your-youre-0218-to-too-two-01,Katie Sanderson,2026-09-10T18:03:04Z,true,false,Katie Sanderson reviewed and copied this human decision.
1,v3-your-youre-0220-to-too-two-01,TO_TOO_TWO,05e7831fb363573caeddd3b2bd04497fb4835ed4e70a4142cd2aca983685dcd4,VALID,,true,preposition,destination_or_recipient_preposition,[],non-gold-v3-your-youre-0220-to-too-two-01,Katie Sanderson,2026-09-10T18:03:04Z,true,false,Katie Sanderson reviewed and copied this human decision.
1,v3-your-youre-0221-to-too-two-01,TO_TOO_TWO,e4b84bbe7dc50e7c2023a1a886bd6e27494684392bc96eaeec1857acc02c97c4,VALID,,true,infinitive,governed_infinitive,[],non-gold-v3-your-youre-0221-to-too-two-01,Katie Sanderson,2026-09-10T18:03:04Z,true,false,Katie Sanderson reviewed and copied this human decision.
1,v3-your-youre-0226-to-too-two-01,TO_TOO_TWO,0660fcb809063730d8245ab35cff3677a3f50b922dd16acf8dbaf6d19c52c11a,VALID,,true,preposition,destination_or_recipient_preposition,[],non-gold-v3-your-youre-0226-to-too-two-01,Katie Sanderson,2026-09-10T18:03:04Z,true,false,Katie Sanderson reviewed and copied this human decision.
1,v3-your-youre-0227-to-too-two-01,TO_TOO_TWO,96ab3a130e189dd56dc9acb21a110b56713de67cbe8b54d2fffbc2768f1f7756,VALID,,true,infinitive,governed_infinitive,[],non-gold-v3-your-youre-0227-to-too-two-01,Katie Sanderson,2026-09-10T18:03:04Z,true,false,Katie Sanderson reviewed and copied this human decision.
1,v3-your-youre-0228-to-too-two-01,TO_TOO_TWO,58670ef0dc96f7e66fa07c4f23fef69a48fa26764acf5dd9882259fb7c464078,VALID,,true,infinitive,governed_infinitive,[],non-gold-v3-your-youre-0228-to-too-two-01,Katie Sanderson,2026-09-10T18:03:04Z,true,false,Katie Sanderson reviewed and copied this human decision.
1,v3-your-youre-0229-to-too-two-01,TO_TOO_TWO,d2e58159455f33668289feddfa2651849779b68c65392a6358062ce39aba5289,VALID,,true,infinitive,governed_infinitive,[],non-gold-v3-your-youre-0229-to-too-two-01,Katie Sanderson,2026-09-10T18:03:04Z,true,false,Katie Sanderson reviewed and copied this human decision.
1,v3-your-youre-0231-to-too-two-01,TO_TOO_TWO,cfdc4793aa2a8b5ed2cb1cb6067b75910ef55c96edba2f45f63fa0941bedea61,VALID,,true,infinitive,governed_infinitive,[],non-gold-v3-your-youre-0231-to-too-two-01,Katie Sanderson,2026-09-10T18:03:04Z,true,false,Katie Sanderson reviewed and copied this human decision.
1,v3-your-youre-0231-to-too-two-02,TO_TOO_TWO,6a96ef4a9eb1b086d6d0617bc7e833a24d933f40c077e4fba58efe0b00ee833e,VALID,,true,infinitive,governed_infinitive,[],non-gold-v3-your-youre-0231-to-too-two-02,Katie Sanderson,2026-09-10T18:03:04Z,true,false,Katie Sanderson reviewed and copied this human decision.
1,v3-your-youre-0232-to-too-two-01,TO_TOO_TWO,6cfabd17e1a9a83d086ae077642c443909a6764b7035d65831631f3029b10e2a,VALID,,true,infinitive,governed_infinitive,[],non-gold-v3-your-youre-0232-to-too-two-01,Katie Sanderson,2026-09-10T18:03:04Z,true,false,Katie Sanderson reviewed and copied this human decision.
1,v3-your-youre-0233-to-too-two-01,TO_TOO_TWO,b833e6839b1ac409a34d54c2baabf8a7563c76352a639de56b526cb4937f7eb5,VALID,,true,infinitive,governed_infinitive,[],non-gold-v3-your-youre-0233-to-too-two-01,Katie Sanderson,2026-09-10T18:03:04Z,true,false,Katie Sanderson reviewed and copied this human decision.
1,v3-your-youre-0234-to-too-two-01,TO_TOO_TWO,333b46150bd5cd147b777fe77f82a4b1b82b36ec9859bd07df8f798ec75a3e63,VALID,,true,infinitive,governed_infinitive,[],non-gold-v3-your-youre-0234-to-too-two-01,Katie Sanderson,2026-09-10T18:03:04Z,true,false,Katie Sanderson reviewed and copied this human decision.
1,v3-your-youre-0235-to-too-two-01,TO_TOO_TWO,147f997eae266e6cf00d984af53a84f51ee0a5bd1a3a1e575905f7938b3000da,VALID,,true,infinitive,governed_infinitive,[],non-gold-v3-your-youre-0235-to-too-two-01,Katie Sanderson,2026-09-10T18:03:04Z,true,false,Katie Sanderson reviewed and copied this human decision.
1,v3-your-youre-0236-to-too-two-01,TO_TOO_TWO,eb2c2abcc7ebe00eb6b7dad1dc77ce130a0052e3d1e059694a33b4cc2b1b8fee,VALID,,true,infinitive,governed_infinitive,[],non-gold-v3-your-youre-0236-to-too-two-01,Katie Sanderson,2026-09-10T18:03:04Z,true,false,Katie Sanderson reviewed and copied this human decision.
1,v3-your-youre-0237-to-too-two-01,TO_TOO_TWO,e2396939a4b3ffacb39b9fc1f24d32dc3c1b3b43aa9b42dcf4239c522b6d3ce7,VALID,,true,preposition,destination_or_recipient_preposition,[],non-gold-v3-your-youre-0237-to-too-two-01,Katie Sanderson,2026-09-10T18:03:04Z,true,false,Katie Sanderson reviewed and copied this human decision.
1,v3-your-youre-0238-to-too-two-01,TO_TOO_TWO,fb720dd0e279f59ca8bed2d4cca767e24cf6d67c471360e943e384c004b70550,VALID,,true,infinitive,governed_infinitive,[],non-gold-v3-your-youre-0238-to-too-two-01,Katie Sanderson,2026-09-10T18:03:04Z,true,false,Katie Sanderson reviewed and copied this human decision.
1,v3-your-youre-0238-to-too-two-02,TO_TOO_TWO,a673d8a0cdbb8d9544ecb0a2ed01fd60c874dabd255b79c5d7d3a1ad0c233a30,VALID,,true,preposition,destination_or_recipient_preposition,[],non-gold-v3-your-youre-0238-to-too-two-02,Katie Sanderson,2026-09-10T18:03:04Z,true,false,Katie Sanderson reviewed and copied this human decision.
1,v3-your-youre-0239-to-too-two-01,TO_TOO_TWO,8943d89545d1e2440021a90ac74913d480b18bc77509342652f6b87060d3e5e1,VALID,,true,infinitive,governed_infinitive,[],non-gold-v3-your-youre-0239-to-too-two-01,Katie Sanderson,2026-09-10T18:03:04Z,true,false,Katie Sanderson reviewed and copied this human decision.
1,v3-your-youre-0239-to-too-two-02,TO_TOO_TWO,5bd1a2f455562d874b11cf889133faa9081790db06e6848ea66d5b678afbef7f,VALID,,true,infinitive,governed_infinitive,[],non-gold-v3-your-youre-0239-to-too-two-02,Katie Sanderson,2026-09-10T18:03:04Z,true,false,Katie Sanderson reviewed and copied this human decision.
1,v3-your-youre-0240-to-too-two-01,TO_TOO_TWO,e7a4190a57316fd91c2ed3d87401efb8b4f309824e9c213bcb95a53810c9dc3a,VALID,,true,infinitive,governed_infinitive,[],non-gold-v3-your-youre-0240-to-too-two-01,Katie Sanderson,2026-09-10T18:03:04Z,true,false,Katie Sanderson reviewed and copied this human decision.
1,v3-your-youre-0241-to-too-two-01,TO_TOO_TWO,de1adfd2875a5c10861f241988e6191613c175d270a91f8c2efb801fbb578c12,VALID,,true,infinitive,governed_infinitive,[],non-gold-v3-your-youre-0241-to-too-two-01,Katie Sanderson,2026-09-10T18:03:04Z,true,false,Katie Sanderson reviewed and copied this human decision.
1,v3-your-youre-0244-to-too-two-01,TO_TOO_TWO,eb0718e5bae479638b4b772ca0abad184107ad26a63bfa9bb288392292ca0c46,VALID,,true,infinitive,governed_infinitive,[],non-gold-v3-your-youre-0244-to-too-two-01,Katie Sanderson,2026-09-10T18:03:04Z,true,false,Katie Sanderson reviewed and copied this human decision.
1,v3-your-youre-0246-to-too-two-01,TO_TOO_TWO,915c923a0a0e790c2ea192b7f127a68aa6e02e45a554c8e20a403263f0615b99,VALID,,true,infinitive,governed_infinitive,[],non-gold-v3-your-youre-0246-to-too-two-01,Katie Sanderson,2026-09-10T18:03:04Z,true,false,Katie Sanderson reviewed and copied this human decision.
1,v3-your-youre-0247-to-too-two-01,TO_TOO_TWO,fbae40bc742944272c42eaab3949b45bfab4493054fc557ec01ae049a5a99490,VALID,,true,infinitive,governed_infinitive,[],non-gold-v3-your-youre-0247-to-too-two-01,Katie Sanderson,2026-09-10T18:03:04Z,true,false,Katie Sanderson reviewed and copied this human decision.
1,v3-your-youre-0248-to-too-two-01,TO_TOO_TWO,1216178914980a9b66a777bf4ec1bc22bfe6e8181589fc97f27598d35df57a04,VALID,,true,infinitive,governed_infinitive,[],non-gold-v3-your-youre-0248-to-too-two-01,Katie Sanderson,2026-09-10T18:03:04Z,true,false,Katie Sanderson reviewed and copied this human decision.
1,v3-your-youre-0248-to-too-two-02,TO_TOO_TWO,f2595bf9bba6aed2dfe37a765c054bc6eb7761a93e209f919385c29502f3dfd7,VALID,,true,infinitive,governed_infinitive,[],non-gold-v3-your-youre-0248-to-too-two-02,Katie Sanderson,2026-09-10T18:03:04Z,true,false,Katie Sanderson reviewed and copied this human decision.
1,v3-your-youre-0251-to-too-two-01,TO_TOO_TWO,cc3775eaebb6184af4f76db222690fee77eaf1173959d3335dba18d8a19826f6,VALID,,true,preposition,destination_or_recipient_preposition,[],non-gold-v3-your-youre-0251-to-too-two-01,Katie Sanderson,2026-09-10T18:03:04Z,true,false,Katie Sanderson reviewed and copied this human decision.
1,v3-your-youre-0252-to-too-two-01,TO_TOO_TWO,6b0257420abe5a6f59d53f1ec6cbc46c56057f06e4b4700a455a55ef6815217f,VALID,,true,infinitive,governed_infinitive,[],non-gold-v3-your-youre-0252-to-too-two-01,Katie Sanderson,2026-09-10T18:03:04Z,true,false,Katie Sanderson reviewed and copied this human decision.
1,v3-your-youre-0252-to-too-two-02,TO_TOO_TWO,2fb8cb75441601a209dfc915d419797d252bb8db61ac6347152d0b2207ce46bc,VALID,,true,preposition,destination_or_recipient_preposition,[],non-gold-v3-your-youre-0252-to-too-two-02,Katie Sanderson,2026-09-10T18:03:04Z,true,false,Katie Sanderson reviewed and copied this human decision.
1,v3-your-youre-0254-to-too-two-01,TO_TOO_TWO,8b9327d0ec7e49276c3752ca6f66ef6d2c74842c06b29c805df5bb02af6bfa18,VALID,,true,infinitive,governed_infinitive,[],non-gold-v3-your-youre-0254-to-too-two-01,Katie Sanderson,2026-09-10T18:03:04Z,true,false,Katie Sanderson reviewed and copied this human decision.
1,v3-your-youre-0255-to-too-two-01,TO_TOO_TWO,1c0bd996aeea73bad2e599cd266b2f5f4cb889e4664c0c7642e43e0a7872006d,VALID,,true,infinitive,governed_infinitive,[],non-gold-v3-your-youre-0255-to-too-two-01,Katie Sanderson,2026-09-10T18:03:04Z,true,false,Katie Sanderson reviewed and copied this human decision.
1,v3-your-youre-0255-to-too-two-02,TO_TOO_TWO,94e00640e3f3eb32491548bb3f4c7d315cf42aed1c5b51a0617559996668b9ab,VALID,,true,infinitive,governed_infinitive,[],non-gold-v3-your-youre-0255-to-too-two-02,Katie Sanderson,2026-09-10T18:03:04Z,true,false,Katie Sanderson reviewed and copied this human decision.
1,v3-your-youre-0256-to-too-two-01,TO_TOO_TWO,9e1ca9f67edf7acea002da51047af5bc6fb13b2aa4db1f0201659a11a4984cc2,VALID,,true,infinitive,governed_infinitive,[],non-gold-v3-your-youre-0256-to-too-two-01,Katie Sanderson,2026-09-10T18:03:04Z,true,false,Katie Sanderson reviewed and copied this human decision.
1,v3-your-youre-0259-to-too-two-01,TO_TOO_TWO,b9b8490a15ea6aa2aac5c683be8d6d34de43db21550af1b0e1722c99faa759c9,VALID,,true,infinitive,governed_infinitive,[],non-gold-v3-your-youre-0259-to-too-two-01,Katie Sanderson,2026-09-10T18:03:04Z,true,false,Katie Sanderson reviewed and copied this human decision.
1,v3-your-youre-0260-to-too-two-01,TO_TOO_TWO,7d12ac974281a0f3081b6a0c33b91ee6ed21a600dc0e2e3c4c8b77a969199915,VALID,,true,infinitive,governed_infinitive,[],non-gold-v3-your-youre-0260-to-too-two-01,Katie Sanderson,2026-09-10T18:03:04Z,true,false,Katie Sanderson reviewed and copied this human decision.
1,v3-your-youre-0261-to-too-two-01,TO_TOO_TWO,7339e67fe3bfa679a0ce278f6da603ab5f4ba0f8ccf6394d8fa4effe4c4451d6,VALID,,true,infinitive,governed_infinitive,[],non-gold-v3-your-youre-0261-to-too-two-01,Katie Sanderson,2026-09-10T18:03:04Z,true,false,Katie Sanderson reviewed and copied this human decision.
1,v3-your-youre-0262-to-too-two-01,TO_TOO_TWO,e5d65b91afa3b30aa1a59e4bfad9d839c06b45c39c3b09cae707e205c9cf6702,VALID,,true,infinitive,governed_infinitive,[],non-gold-v3-your-youre-0262-to-too-two-01,Katie Sanderson,2026-09-10T18:03:04Z,true,false,Katie Sanderson reviewed and copied this human decision.
1,v3-your-youre-0262-to-too-two-02,TO_TOO_TWO,462eb26bc182ba1f3e236936fb3a3f1d46cb836753e53e66e29d7641ab2ab06b,VALID,,true,infinitive,governed_infinitive,[],non-gold-v3-your-youre-0262-to-too-two-02,Katie Sanderson,2026-09-10T18:03:04Z,true,false,Katie Sanderson reviewed and copied this human decision.
1,v3-your-youre-0263-to-too-two-01,TO_TOO_TWO,e2133ff3b2321d429af1404953a85575b5895ceb1257e23b7ddbfac548fa6634,VALID,,true,infinitive,governed_infinitive,[],non-gold-v3-your-youre-0263-to-too-two-01,Katie Sanderson,2026-09-10T18:03:04Z,true,false,Katie Sanderson reviewed and copied this human decision.
1,v3-your-youre-0265-to-too-two-01,TO_TOO_TWO,d4dd08fa797eb64c88841d0c5b11cc5e1d6a42ca8512ac31b08cd3680a7ef656,VALID,,true,infinitive,governed_infinitive,[],non-gold-v3-your-youre-0265-to-too-two-01,Katie Sanderson,2026-09-10T18:03:04Z,true,false,Katie Sanderson reviewed and copied this human decision.
1,v3-your-youre-0266-to-too-two-01,TO_TOO_TWO,dbd2177f3f98963fbe20d13eb107655cfd4f2a13c92c07e7602cfdddd390196e,VALID,,true,infinitive,governed_infinitive,[],non-gold-v3-your-youre-0266-to-too-two-01,Katie Sanderson,2026-09-10T18:03:04Z,true,false,Katie Sanderson reviewed and copied this human decision.
1,v3-your-youre-0267-to-too-two-01,TO_TOO_TWO,426c3f76934e06924e9cff2ceb3ec0a4bbd522a3e3a5927f11c037dbc358a9a2,VALID,,true,infinitive,governed_infinitive,[],non-gold-v3-your-youre-0267-to-too-two-01,Katie Sanderson,2026-09-10T18:03:04Z,true,false,Katie Sanderson reviewed and copied this human decision.
1,v3-your-youre-0269-to-too-two-01,TO_TOO_TWO,2ee4d2293bb65be288d9ceead297f4bf9fd31c5c5b8d11d939a94df926d8e6a0,VALID,,true,infinitive,governed_infinitive,[],non-gold-v3-your-youre-0269-to-too-two-01,Katie Sanderson,2026-09-10T18:03:04Z,true,false,Katie Sanderson reviewed and copied this human decision.
1,v3-your-youre-0270-to-too-two-01,TO_TOO_TWO,b83814c4f1a60dd37a961f580d73cf811249efdef1d2d135c05d747e982b36cd,VALID,,true,infinitive,governed_infinitive,[],non-gold-v3-your-youre-0270-to-too-two-01,Katie Sanderson,2026-09-10T18:03:04Z,true,false,Katie Sanderson reviewed and copied this human decision.
1,v3-your-youre-0270-to-too-two-02,TO_TOO_TWO,da7c26c431e82a60c2206ba386571a01e464d0ddb0bb0a9b13acb5e505213ca7,VALID,,true,infinitive,governed_infinitive,[],non-gold-v3-your-youre-0270-to-too-two-02,Katie Sanderson,2026-09-10T18:03:04Z,true,false,Katie Sanderson reviewed and copied this human decision.
1,v3-your-youre-0271-to-too-two-01,TO_TOO_TWO,a7ad8179e8e5108be55442f86c0f74688a5491de823c17faced66f22d33cfd2b,VALID,,true,infinitive,governed_infinitive,[],non-gold-v3-your-youre-0271-to-too-two-01,Katie Sanderson,2026-09-10T18:03:04Z,true,false,Katie Sanderson reviewed and copied this human decision.
1,v3-your-youre-0272-to-too-two-01,TO_TOO_TWO,e7c1432f70817d2d34bb5d72555e0bb3d57de7a3371affed5d965ca146defbe0,VALID,,true,infinitive,governed_infinitive,[],non-gold-v3-your-youre-0272-to-too-two-01,Katie Sanderson,2026-09-10T18:03:04Z,true,false,Katie Sanderson reviewed and copied this human decision.
1,v3-your-youre-0272-to-too-two-02,TO_TOO_TWO,b890475a053f7faf5fcba335c99d286d9a9b89d7ad966a847b8851ad15825346,VALID,,true,preposition,destination_or_recipient_preposition,[],non-gold-v3-your-youre-0272-to-too-two-02,Katie Sanderson,2026-09-10T18:03:04Z,true,false,Katie Sanderson reviewed and copied this human decision.
1,v3-your-youre-0273-to-too-two-01,TO_TOO_TWO,f2b865ae77c353a569291bca0ddbf19ca67d9b523fd833574a01f2031385bd06,VALID,,true,infinitive,governed_infinitive,[],non-gold-v3-your-youre-0273-to-too-two-01,Katie Sanderson,2026-09-10T18:03:04Z,true,false,Katie Sanderson reviewed and copied this human decision.
1,v3-your-youre-0275-to-too-two-01,TO_TOO_TWO,6dccc2db192e78dd7c1fae4e14f43c39ff1d9e5b365b252b80df97eb7a28de4d,VALID,,true,infinitive,governed_infinitive,[],non-gold-v3-your-youre-0275-to-too-two-01,Katie Sanderson,2026-09-10T18:03:04Z,true,false,Katie Sanderson reviewed and copied this human decision.
1,v3-your-youre-0275-to-too-two-02,TO_TOO_TWO,a153c9a51309aa103a86701ff4af3792e90c25a69b13c8b0c8557675f5f5465d,VALID,,true,infinitive,governed_infinitive,[],non-gold-v3-your-youre-0275-to-too-two-02,Katie Sanderson,2026-09-10T18:03:04Z,true,false,Katie Sanderson reviewed and copied this human decision.
1,v3-your-youre-0276-to-too-two-01,TO_TOO_TWO,cd8479ba70414b3300fe09245e095e607398f06cd3180be8e2b09439bfd4fdc9,VALID,,true,infinitive,governed_infinitive,[],non-gold-v3-your-youre-0276-to-too-two-01,Katie Sanderson,2026-09-10T18:03:04Z,true,false,Katie Sanderson reviewed and copied this human decision.
1,v3-your-youre-0277-to-too-two-01,TO_TOO_TWO,4664841c31b77b6f44df330eea43dd9b93e239c08f8fc810626db5682f2b08b7,VALID,,true,infinitive,governed_infinitive,[],non-gold-v3-your-youre-0277-to-too-two-01,Katie Sanderson,2026-09-10T18:03:04Z,true,false,Katie Sanderson reviewed and copied this human decision.
1,v3-your-youre-0277-to-too-two-02,TO_TOO_TWO,16784835f02ee7623dacd0188bfa5926aa517ff25d6c383ef06b22e3001f58a5,VALID,,true,infinitive,governed_infinitive,[],non-gold-v3-your-youre-0277-to-too-two-02,Katie Sanderson,2026-09-10T18:03:04Z,true,false,Katie Sanderson reviewed and copied this human decision.
1,v3-your-youre-0278-to-too-two-01,TO_TOO_TWO,a8847540b1c5d9a7923ee30994ea9fb0426f9a78d451c0b3e96882babb6dbe69,VALID,,true,infinitive,governed_infinitive,[],non-gold-v3-your-youre-0278-to-too-two-01,Katie Sanderson,2026-09-10T18:03:04Z,true,false,Katie Sanderson reviewed and copied this human decision.
1,v3-your-youre-0281-to-too-two-01,TO_TOO_TWO,632d107e16b74e04b8294307349844c1e5c89a508171ce92a40eec175cc3f354,VALID,,true,infinitive,governed_infinitive,[],non-gold-v3-your-youre-0281-to-too-two-01,Katie Sanderson,2026-09-10T18:03:04Z,true,false,Katie Sanderson reviewed and copied this human decision.
1,v3-your-youre-0281-to-too-two-02,TO_TOO_TWO,d02dcbee54f50bf9f0a7c34b66ffc0ff352b5c96d6095d34bcc8573459265c2c,VALID,,true,preposition,destination_or_recipient_preposition,[],non-gold-v3-your-youre-0281-to-too-two-02,Katie Sanderson,2026-09-10T18:03:04Z,true,false,Katie Sanderson reviewed and copied this human decision.
1,v3-your-youre-0282-to-too-two-01,TO_TOO_TWO,b9dade4cc9065290e7cf3016ab7bdb2a400cfa58c7888b02fd1ce24b50093088,VALID,,true,infinitive,governed_infinitive,[],non-gold-v3-your-youre-0282-to-too-two-01,Katie Sanderson,2026-09-10T18:03:04Z,true,false,Katie Sanderson reviewed and copied this human decision.
1,v3-your-youre-0283-to-too-two-01,TO_TOO_TWO,50c9693ab7046c9a766c75db0e9e17397474c3b75514c01e9b5c11b9e3febfd4,VALID,,true,infinitive,governed_infinitive,[],non-gold-v3-your-youre-0283-to-too-two-01,Katie Sanderson,2026-09-10T18:03:04Z,true,false,Katie Sanderson reviewed and copied this human decision.
1,v3-your-youre-0284-to-too-two-01,TO_TOO_TWO,b49f4a3b6961bb3bb8e443bf7cc6807dcc6e35d72d9f8666d867b1de1f5864c5,VALID,,true,infinitive,governed_infinitive,[],non-gold-v3-your-youre-0284-to-too-two-01,Katie Sanderson,2026-09-10T18:03:04Z,true,false,Katie Sanderson reviewed and copied this human decision.
1,v3-your-youre-0285-to-too-two-01,TO_TOO_TWO,bc942330e563ab1feb36a24bf7fdb0e5a21de469c9e1db3f190216d954f8553b,VALID,,true,infinitive,governed_infinitive,[],non-gold-v3-your-youre-0285-to-too-two-01,Katie Sanderson,2026-09-10T18:03:04Z,true,false,Katie Sanderson reviewed and copied this human decision.
1,v3-your-youre-0286-to-too-two-01,TO_TOO_TWO,71558e6705e5203073d07746286ca7521f0e569ef1f1863a166b115060718e99,VALID,,true,infinitive,governed_infinitive,[],non-gold-v3-your-youre-0286-to-too-two-01,Katie Sanderson,2026-09-10T18:03:04Z,true,false,Katie Sanderson reviewed and copied this human decision.
1,v3-your-youre-0286-to-too-two-02,TO_TOO_TWO,1e150b687a585c41b9e17497ff06ac2bc9e98f2909c27b697e0b06f0a5ae7f85,VALID,,true,preposition,destination_or_recipient_preposition,[],non-gold-v3-your-youre-0286-to-too-two-02,Katie Sanderson,2026-09-10T18:03:04Z,true,false,Katie Sanderson reviewed and copied this human decision.
1,v3-your-youre-0287-to-too-two-01,TO_TOO_TWO,e5fbf8d2fde76520c748740ae2375a33a7651391b2b54aeee0c386034e039cb4,VALID,,true,infinitive,governed_infinitive,[],non-gold-v3-your-youre-0287-to-too-two-01,Katie Sanderson,2026-09-10T18:03:04Z,true,false,Katie Sanderson reviewed and copied this human decision.
1,v3-your-youre-0288-to-too-two-01,TO_TOO_TWO,fb533a5ecddffe5ee26f5a685b0800d751dd049cdf509d0026dcd5e80040cb60,VALID,,true,infinitive,governed_infinitive,[],non-gold-v3-your-youre-0288-to-too-two-01,Katie Sanderson,2026-09-10T18:03:04Z,true,false,Katie Sanderson reviewed and copied this human decision.
1,v3-your-youre-0288-to-too-two-02,TO_TOO_TWO,19753c3539bcba61965ecc98b74dcdff1a787eee5ae6a6425d3764394bb8c4be,VALID,,true,preposition,destination_or_recipient_preposition,[],non-gold-v3-your-youre-0288-to-too-two-02,Katie Sanderson,2026-09-10T18:03:04Z,true,false,Katie Sanderson reviewed and copied this human decision.
1,v3-your-youre-0289-to-too-two-01,TO_TOO_TWO,534cf2137c08532ebb150f149aa595b5a4e77823132c4a5491adb6b3dfb848a8,VALID,,true,infinitive,governed_infinitive,[],non-gold-v3-your-youre-0289-to-too-two-01,Katie Sanderson,2026-09-10T18:03:04Z,true,false,Katie Sanderson reviewed and copied this human decision.
1,v3-your-youre-0289-to-too-two-02,TO_TOO_TWO,29cf60d082d7b3730788b3cd691808eccc24995d2620c9d9d0a1ea3d84198d44,VALID,,true,preposition,destination_or_recipient_preposition,[],non-gold-v3-your-youre-0289-to-too-two-02,Katie Sanderson,2026-09-10T18:03:04Z,true,false,Katie Sanderson reviewed and copied this human decision.
1,v3-your-youre-0290-to-too-two-01,TO_TOO_TWO,2e1378ec0d29144970e34814a0458545d2d172ff1271d773a56da2e709e88842,VALID,,true,infinitive,governed_infinitive,[],non-gold-v3-your-youre-0290-to-too-two-01,Katie Sanderson,2026-09-10T18:03:04Z,true,false,Katie Sanderson reviewed and copied this human decision.
1,v3-your-youre-0290-to-too-two-02,TO_TOO_TWO,726c2ccbfc41e58db1be695246373822f038525be3b5b7f48c2ccfd50c331dda,VALID,,true,infinitive,governed_infinitive,[],non-gold-v3-your-youre-0290-to-too-two-02,Katie Sanderson,2026-09-10T18:03:04Z,true,false,Katie Sanderson reviewed and copied this human decision.
1,v3-your-youre-0291-to-too-two-01,TO_TOO_TWO,80f06df91ee9df99aa3a594bc9f003b135b714465136f18d89e6aefe8b7249a2,VALID,,true,infinitive,governed_infinitive,[],non-gold-v3-your-youre-0291-to-too-two-01,Katie Sanderson,2026-09-10T18:03:04Z,true,false,Katie Sanderson reviewed and copied this human decision.
1,v3-your-youre-0291-to-too-two-02,TO_TOO_TWO,66d7dd89b2edd5d56eae6dcb8342ccadb60374ad8b591f2871bfea7ebad4e492,VALID,,true,preposition,destination_or_recipient_preposition,[],non-gold-v3-your-youre-0291-to-too-two-02,Katie Sanderson,2026-09-10T18:03:04Z,true,false,Katie Sanderson reviewed and copied this human decision.
1,v3-your-youre-0294-to-too-two-01,TO_TOO_TWO,b0825687a08c1d3ffa52ce8b32cadf7a45bbfb65a3f7d6d92c058b986a9e1dc6,VALID,,true,infinitive,governed_infinitive,[],non-gold-v3-your-youre-0294-to-too-two-01,Katie Sanderson,2026-09-10T18:03:04Z,true,false,Katie Sanderson reviewed and copied this human decision.
1,v3-your-youre-0295-to-too-two-01,TO_TOO_TWO,59c9e8e176baff9e476f4ae6031714349757ced22c853763ae5144c16b25b26d,VALID,,true,infinitive,governed_infinitive,[],non-gold-v3-your-youre-0295-to-too-two-01,Katie Sanderson,2026-09-10T18:03:04Z,true,false,Katie Sanderson reviewed and copied this human decision.
1,v3-your-youre-0296-to-too-two-01,TO_TOO_TWO,d1a7a671df1731d0ce8cfe3bdbfd8e210cbab3d886a12f63a7f67bd57f8cde58,VALID,,true,infinitive,governed_infinitive,[],non-gold-v3-your-youre-0296-to-too-two-01,Katie Sanderson,2026-09-10T18:03:04Z,true,false,Katie Sanderson reviewed and copied this human decision.
1,v3-your-youre-0297-to-too-two-01,TO_TOO_TWO,297a341b585ec60e6c9e60040bc147036e942a2d0743b07e24d2edb3bc512dd6,VALID,,true,infinitive,governed_infinitive,[],non-gold-v3-your-youre-0297-to-too-two-01,Katie Sanderson,2026-09-10T18:03:04Z,true,false,Katie Sanderson reviewed and copied this human decision.
1,v3-your-youre-0298-to-too-two-01,TO_TOO_TWO,075b6c56d79a1a5ae9cf4c5f5c25ce82abb6bd686b58b8bf2660033874d5fdc9,VALID,,true,infinitive,governed_infinitive,[],non-gold-v3-your-youre-0298-to-too-two-01,Katie Sanderson,2026-09-10T18:03:04Z,true,false,Katie Sanderson reviewed and copied this human decision.
1,v3-your-youre-0299-to-too-two-01,TO_TOO_TWO,7720486507e0b2a8a97382f65273e3c824dea0561472fa4f9cb5851302dad78a,VALID,,true,infinitive,governed_infinitive,[],non-gold-v3-your-youre-0299-to-too-two-01,Katie Sanderson,2026-09-10T18:03:04Z,true,false,Katie Sanderson reviewed and copied this human decision.
1,v3-your-youre-0299-to-too-two-02,TO_TOO_TWO,365b5e5b5dc8716ad87e3c672111893efb27fd1f5bb83f5301658229a24f3ea4,VALID,,true,preposition,destination_or_recipient_preposition,[],non-gold-v3-your-youre-0299-to-too-two-02,Katie Sanderson,2026-09-10T18:03:04Z,true,false,Katie Sanderson reviewed and copied this human decision.
1,v3-your-youre-0300-to-too-two-01,TO_TOO_TWO,60ac11c8a3476daac951a2bf9661f77f269236364421eb81d206f207c9c59d63,VALID,,true,infinitive,governed_infinitive,[],non-gold-v3-your-youre-0300-to-too-two-01,Katie Sanderson,2026-09-10T18:03:04Z,true,false,Katie Sanderson reviewed and copied this human decision.
1,v3-your-youre-0323-to-too-two-01,TO_TOO_TWO,d64909e9d8a622203ae5efa44935aa5e4e2e6aea8f7cbe4f3c15fae1837f8b31,VALID,,true,infinitive,governed_infinitive,"[""quotation""]",non-gold-v3-your-youre-0323-to-too-two-01,Katie Sanderson,2026-09-10T18:03:04Z,true,false,Katie Sanderson reviewed and copied this human decision.
1,v3-your-youre-0323-to-too-two-02,TO_TOO_TWO,4a5b6ab0a41ff2bc800257052a9c1286edeb1e497c9e2539c45f21dc7f0c3015,VALID,,true,infinitive,governed_infinitive,[],non-gold-v3-your-youre-0323-to-too-two-02,Katie Sanderson,2026-09-10T18:03:04Z,true,false,Katie Sanderson reviewed and copied this human decision.
1,v3-your-youre-0326-to-too-two-01,TO_TOO_TWO,e5c950357df94f8b8aa0e6ddbe6f53ca122574bdc1ef62be70230613cc3647af,VALID,,true,infinitive,governed_infinitive,"[""quotation""]",non-gold-v3-your-youre-0326-to-too-two-01,Katie Sanderson,2026-09-10T18:03:04Z,true,false,Katie Sanderson reviewed and copied this human decision.
1,v3-your-youre-0326-to-too-two-02,TO_TOO_TWO,7b19a73afcdea7f7996d115e3debad1648403b3f51a48eae851932782a985c4b,VALID,,true,infinitive,governed_infinitive,[],non-gold-v3-your-youre-0326-to-too-two-02,Katie Sanderson,2026-09-10T18:03:04Z,true,false,Katie Sanderson reviewed and copied this human decision.
1,v3-your-youre-0328-to-too-two-01,TO_TOO_TWO,edcb0b1b28e65c9e42060a315ac709c9247ad5e78f221e167c152f105c31f870,VALID,,true,infinitive,governed_infinitive,"[""quotation""]",non-gold-v3-your-youre-0328-to-too-two-01,Katie Sanderson,2026-09-10T18:03:04Z,true,false,Katie Sanderson reviewed and copied this human decision.
1,v3-your-youre-0328-to-too-two-02,TO_TOO_TWO,c935d9ba900eebb81de80c23a74716852a2932b182176528b1891051326e71c8,VALID,,true,infinitive,governed_infinitive,[],non-gold-v3-your-youre-0328-to-too-two-02,Katie Sanderson,2026-09-10T18:03:04Z,true,false,Katie Sanderson reviewed and copied this human decision.
1,v3-your-youre-0331-to-too-two-01,TO_TOO_TWO,b7d9065b513b1d3882b31deb66baa36a3271e818b3e391584d754ea3ec2398a6,VALID,,true,infinitive,governed_infinitive,[],non-gold-v3-your-youre-0331-to-too-two-01,Katie Sanderson,2026-09-10T18:03:04Z,true,false,Katie Sanderson reviewed and copied this human decision.
1,v3-your-youre-0336-to-too-two-01,TO_TOO_TWO,64fd0c3f8b2ba6123eebb6873214d256f8317edcf1577c8a979322b3d1dc0ab8,VALID,,true,infinitive,governed_infinitive,[],non-gold-v3-your-youre-0336-to-too-two-01,Katie Sanderson,2026-09-10T18:03:04Z,true,false,Katie Sanderson reviewed and copied this human decision.
1,v3-your-youre-0339-to-too-two-01,TO_TOO_TWO,97426435fdc28fb65bc6fb919c3232681f21e9fd8b5427a78cace941b9527634,VALID,,true,infinitive,governed_infinitive,[],non-gold-v3-your-youre-0339-to-too-two-01,Katie Sanderson,2026-09-10T18:03:04Z,true,false,Katie Sanderson reviewed and copied this human decision.
1,v3-your-youre-0362-to-too-two-01,TO_TOO_TWO,edeb23c89828cd38a99e7b207a3e7d2e450efa788ab201aeb91810cc7ee64277,VALID,,true,infinitive,governed_infinitive,"[""run_on""]",non-gold-v3-your-youre-0362-to-too-two-01,Katie Sanderson,2026-09-10T18:03:04Z,true,false,Katie Sanderson reviewed and copied this human decision.
1,v3-your-youre-0363-to-too-two-01,TO_TOO_TWO,2adee18bcc2ec0a21676080c719651a028b4f156b7552d358f5cadde75c61baa,VALID,,true,infinitive,governed_infinitive,"[""run_on""]",non-gold-v3-your-youre-0363-to-too-two-01,Katie Sanderson,2026-09-10T18:03:04Z,true,false,Katie Sanderson reviewed and copied this human decision.
1,v3-your-youre-0364-to-too-two-01,TO_TOO_TWO,0082ba64b35c77d030460244594aa7354d749d345afe8c3fee7b59fe05c02526,VALID,,true,preposition,destination_or_recipient_preposition,"[""run_on""]",non-gold-v3-your-youre-0364-to-too-two-01,Katie Sanderson,2026-09-10T18:03:04Z,true,false,Katie Sanderson reviewed and copied this human decision.
1,v3-your-youre-0365-to-too-two-01,TO_TOO_TWO,1baff8dbe32c3ea57ac847244b03483c65359662b9a21d9ec26ed27ca2971971,VALID,,true,preposition,destination_or_recipient_preposition,"[""run_on""]",non-gold-v3-your-youre-0365-to-too-two-01,Katie Sanderson,2026-09-10T18:03:04Z,true,false,Katie Sanderson reviewed and copied this human decision.
1,v3-your-youre-0366-to-too-two-01,TO_TOO_TWO,3104c1ab300041761abeecce47dbe35da1127f8651489416c745c3a0c5b43bb1,VALID,,true,infinitive,governed_infinitive,"[""run_on""]",non-gold-v3-your-youre-0366-to-too-two-01,Katie Sanderson,2026-09-10T18:03:04Z,true,false,Katie Sanderson reviewed and copied this human decision.
1,v3-your-youre-0368-to-too-two-01,TO_TOO_TWO,ed5978a41f102de2b4293f6b7b26fadc32a81a717f2907c9a3feae7384ca8e05,VALID,,true,infinitive,governed_infinitive,"[""run_on""]",non-gold-v3-your-youre-0368-to-too-two-01,Katie Sanderson,2026-09-10T18:03:04Z,true,false,Katie Sanderson reviewed and copied this human decision.
1,v3-your-youre-0370-to-too-two-01,TO_TOO_TWO,65aadf5abb8e2f5c15ea160649eae7895bc4742ba6198b2b7838618b879b21ac,VALID,,true,infinitive,governed_infinitive,"[""run_on""]",non-gold-v3-your-youre-0370-to-too-two-01,Katie Sanderson,2026-09-10T18:03:04Z,true,false,Katie Sanderson reviewed and copied this human decision.
1,v3-your-youre-0371-to-too-two-01,TO_TOO_TWO,f872d1a089290b86bcde72dbec065d0ded5b9d30cf9a87cb61e649af3b5f4c93,VALID,,true,preposition,destination_or_recipient_preposition,"[""run_on""]",non-gold-v3-your-youre-0371-to-too-two-01,Katie Sanderson,2026-09-10T18:03:04Z,true,false,Katie Sanderson reviewed and copied this human decision.
1,v3-your-youre-0372-to-too-two-01,TO_TOO_TWO,13462e699ed647f3fd40c7df70536c071ea406f56323d18971278155c4aabdd3,VALID,,true,infinitive,governed_infinitive,"[""run_on""]",non-gold-v3-your-youre-0372-to-too-two-01,Katie Sanderson,2026-09-10T18:03:04Z,true,false,Katie Sanderson reviewed and copied this human decision.
1,v3-your-youre-0373-to-too-two-01,TO_TOO_TWO,0e22f67feb3c4896504eae38d05be175023f1d63c774ff0e7b0ee775dac91737,VALID,,true,infinitive,governed_infinitive,"[""run_on""]",non-gold-v3-your-youre-0373-to-too-two-01,Katie Sanderson,2026-09-10T18:03:04Z,true,false,Katie Sanderson reviewed and copied this human decision.
1,v3-your-youre-0374-to-too-two-01,TO_TOO_TWO,647140535d98661827333e6d210f5cf4b64f559a56ec0ad29c19939daed73e6c,VALID,,true,infinitive,governed_infinitive,"[""run_on""]",non-gold-v3-your-youre-0374-to-too-two-01,Katie Sanderson,2026-09-10T18:03:04Z,true,false,Katie Sanderson reviewed and copied this human decision.
1,v3-your-youre-0375-to-too-two-01,TO_TOO_TWO,dc88c774abada833df9ef65ccf59b02371dc37c1b0e1be007d7f24a7b730c9fe,VALID,,true,infinitive,governed_infinitive,"[""run_on""]",non-gold-v3-your-youre-0375-to-too-two-01,Katie Sanderson,2026-09-10T18:03:04Z,true,false,Katie Sanderson reviewed and copied this human decision.
1,v3-your-youre-0377-to-too-two-01,TO_TOO_TWO,a677f17a9aa7169020547522c7f8eb2ae343d45f2779420a07fc31b4e181490f,VALID,,true,infinitive,governed_infinitive,"[""run_on""]",non-gold-v3-your-youre-0377-to-too-two-01,Katie Sanderson,2026-09-10T18:03:04Z,true,false,Katie Sanderson reviewed and copied this human decision.
1,v3-your-youre-0378-to-too-two-01,TO_TOO_TWO,73c26e9c3d07e74a30085f05f06826233ecec0488cedf1b9e6b008a3c0293c21,VALID,,true,preposition,destination_or_recipient_preposition,"[""run_on""]",non-gold-v3-your-youre-0378-to-too-two-01,Katie Sanderson,2026-09-10T18:03:04Z,true,false,Katie Sanderson reviewed and copied this human decision.
1,v3-your-youre-0379-to-too-two-01,TO_TOO_TWO,ac640407d5c05f08514c8563f1bebc7051b25b372ef6d9d92225b51bcf3bb456,VALID,,true,infinitive,governed_infinitive,"[""run_on""]",non-gold-v3-your-youre-0379-to-too-two-01,Katie Sanderson,2026-09-10T18:03:04Z,true,false,Katie Sanderson reviewed and copied this human decision.
1,v3-your-youre-0380-to-too-two-01,TO_TOO_TWO,49e28ccd705d58490872d85d4d0c7d8d8a5011344e12e1be2afdb2eecd21dafc,VALID,,true,infinitive,governed_infinitive,"[""run_on""]",non-gold-v3-your-youre-0380-to-too-two-01,Katie Sanderson,2026-09-10T18:03:04Z,true,false,Katie Sanderson reviewed and copied this human decision.
1,v3-your-youre-0381-to-too-two-01,TO_TOO_TWO,ffc757445f309fd2452f82525e92a49a807b726f251abb41d00c29a4fd7dd557,VALID,,true,numeral,ordinary_count_numeral,[],non-gold-v3-your-youre-0381-to-too-two-01,Katie Sanderson,2026-09-10T18:03:04Z,true,false,Katie Sanderson reviewed and copied this human decision.
1,v3-your-youre-0383-to-too-two-01,TO_TOO_TWO,1c15a331c991bef4ca37b22e7ecaa916f9c44b38641d527b8915b287fce5223c,VALID,,true,numeral,ordinary_count_numeral,[],non-gold-v3-your-youre-0383-to-too-two-01,Katie Sanderson,2026-09-10T18:03:04Z,true,false,Katie Sanderson reviewed and copied this human decision.
1,v3-your-youre-0384-to-too-two-01,TO_TOO_TWO,a2c5a405224ab3b03a2d6f0817bb9471249a949de1d057abbe7ad34682382f74,VALID,,true,numeral,ordinary_count_numeral,[],non-gold-v3-your-youre-0384-to-too-two-01,Katie Sanderson,2026-09-10T18:03:04Z,true,false,Katie Sanderson reviewed and copied this human decision.
1,v3-your-youre-0385-to-too-two-01,TO_TOO_TWO,4168dececb8bdb950f44a37ef8d1c73baacad2e0b5903f8168fc2a99569be27c,VALID,,true,infinitive,governed_infinitive,[],non-gold-v3-your-youre-0385-to-too-two-01,Katie Sanderson,2026-09-10T18:03:04Z,true,false,Katie Sanderson reviewed and copied this human decision.
1,v3-your-youre-0386-to-too-two-01,TO_TOO_TWO,549e3cd7ca4fa39d73116ac297e6769e3461b14b2cff874dba447a7d4fb7ca0d,VALID,,true,infinitive,governed_infinitive,[],non-gold-v3-your-youre-0386-to-too-two-01,Katie Sanderson,2026-09-10T18:03:04Z,true,false,Katie Sanderson reviewed and copied this human decision.
1,v3-your-youre-0387-to-too-two-01,TO_TOO_TWO,02b796666f6ca703328ffa4bffd92d037e6ea7b8fe02567a0f8be654e1537cfe,VALID,,true,infinitive,governed_infinitive,[],non-gold-v3-your-youre-0387-to-too-two-01,Katie Sanderson,2026-09-10T18:03:04Z,true,false,Katie Sanderson reviewed and copied this human decision.
1,v3-your-youre-0388-to-too-two-01,TO_TOO_TWO,04387322677abc7af2ceb97801d61286240069f2585cad1adefd541474c9e7c8,VALID,,true,infinitive,governed_infinitive,[],non-gold-v3-your-youre-0388-to-too-two-01,Katie Sanderson,2026-09-10T18:03:04Z,true,false,Katie Sanderson reviewed and copied this human decision.
1,v3-your-youre-0389-to-too-two-01,TO_TOO_TWO,3a6111a99f93586d5beddfad40754c0fc5f476b64ff19d179840edd7d354d40c,VALID,,true,numeral,ordinary_count_numeral,[],non-gold-v3-your-youre-0389-to-too-two-01,Katie Sanderson,2026-09-10T18:03:04Z,true,false,Katie Sanderson reviewed and copied this human decision.
1,v3-your-youre-0390-to-too-two-01,TO_TOO_TWO,7a181e3a3e36182b16d1a3ced620259aed115e1d8ac77d3f19ec0d1e04d71251,VALID,,true,numeral,ordinary_count_numeral,[],non-gold-v3-your-youre-0390-to-too-two-01,Katie Sanderson,2026-09-10T18:03:04Z,true,false,Katie Sanderson reviewed and copied this human decision.
1,v3-your-youre-0391-to-too-two-01,TO_TOO_TWO,b5b22dbc2540442599ba9ddece07ef721dacfcc452bb27044c91fb885c7be4d8,VALID,,true,numeral,ordinary_count_numeral,[],non-gold-v3-your-youre-0391-to-too-two-01,Katie Sanderson,2026-09-10T18:03:04Z,true,false,Katie Sanderson reviewed and copied this human decision.
1,v3-your-youre-0393-to-too-two-01,TO_TOO_TWO,02655f92c17acd0eb6bee55707aa57f82d0b0028b635afb57ef386b98129a1d9,VALID,,true,infinitive,governed_infinitive,[],non-gold-v3-your-youre-0393-to-too-two-01,Katie Sanderson,2026-09-10T18:03:04Z,true,false,Katie Sanderson reviewed and copied this human decision.
1,v3-your-youre-0394-to-too-two-01,TO_TOO_TWO,5746092c852bed960f5859c7a63234efd774d7661b4d980e629227677bc0bfca,VALID,,true,numeral,ordinary_count_numeral,[],non-gold-v3-your-youre-0394-to-too-two-01,Katie Sanderson,2026-09-10T18:03:04Z,true,false,Katie Sanderson reviewed and copied this human decision.
1,v3-your-youre-0395-to-too-two-01,TO_TOO_TWO,0cc582e180bf34f90f4e5de0b118226f990e5c0c94abbcb6ce51663c0249cf17,VALID,,true,infinitive,governed_infinitive,[],non-gold-v3-your-youre-0395-to-too-two-01,Katie Sanderson,2026-09-10T18:03:04Z,true,false,Katie Sanderson reviewed and copied this human decision.
1,v3-your-youre-0396-to-too-two-01,TO_TOO_TWO,a316bcf84192b8a1bbd9002a99528f579f1a22234a3b9e8fca1c7a755173ea25,VALID,,true,infinitive,governed_infinitive,[],non-gold-v3-your-youre-0396-to-too-two-01,Katie Sanderson,2026-09-10T18:03:04Z,true,false,Katie Sanderson reviewed and copied this human decision.
1,v3-your-youre-0397-to-too-two-01,TO_TOO_TWO,33aa4ef88364323008b449b42fab4595ecfde300cde57d9745d00dab2110137a,VALID,,true,infinitive,governed_infinitive,[],non-gold-v3-your-youre-0397-to-too-two-01,Katie Sanderson,2026-09-10T18:03:04Z,true,false,Katie Sanderson reviewed and copied this human decision.
1,v3-your-youre-0399-to-too-two-01,TO_TOO_TWO,cb7c65c96db00fdece6bca8bf884d85eb67678da8b9c624ff5531be991698007,VALID,,true,infinitive,governed_infinitive,[],non-gold-v3-your-youre-0399-to-too-two-01,Katie Sanderson,2026-09-10T18:03:04Z,true,false,Katie Sanderson reviewed and copied this human decision.
1,v3-your-youre-0400-to-too-two-01,TO_TOO_TWO,a87bdea50e91e635f39472482fc7a19eaac0f2f1ad4c6cddcb82572efc14b7d6,VALID,,true,infinitive,governed_infinitive,[],non-gold-v3-your-youre-0400-to-too-two-01,Katie Sanderson,2026-09-10T18:03:04Z,true,false,Katie Sanderson reviewed and copied this human decision.
1,v3-its-its-0001-to-too-two-01,TO_TOO_TWO,5cdb4e47983b2d6b7fc7962c91ddccc73216a984dd317bb73f8314fff8ab6cb0,VALID,,true,infinitive,governed_infinitive,[],non-gold-v3-its-its-0001-to-too-two-01,Katie Sanderson,2026-09-10T18:03:04Z,true,false,Katie Sanderson reviewed and copied this human decision.
1,v3-its-its-0003-to-too-two-01,TO_TOO_TWO,c48081c5e3a9ef5072f03ba05b7644f8c4385d49613b6fefa1b089c82bafbb80,VALID,,true,infinitive,governed_infinitive,[],non-gold-v3-its-its-0003-to-too-two-01,Katie Sanderson,2026-09-10T18:03:04Z,true,false,Katie Sanderson reviewed and copied this human decision.
1,v3-its-its-0007-to-too-two-01,TO_TOO_TWO,2d2c5070d82cd0458992ef967e001d135c09062fcccb6406e957f34fffcfafa6,VALID,,true,preposition,destination_or_recipient_preposition,[],non-gold-v3-its-its-0007-to-too-two-01,Katie Sanderson,2026-09-10T18:03:04Z,true,false,Katie Sanderson reviewed and copied this human decision.
1,v3-its-its-0007-to-too-two-02,TO_TOO_TWO,22b23585d88ce2806dbfbfd243e2e95430d22091bf1119597f145fe8c62ad367,VALID,,true,infinitive,governed_infinitive,[],non-gold-v3-its-its-0007-to-too-two-02,Katie Sanderson,2026-09-10T18:03:04Z,true,false,Katie Sanderson reviewed and copied this human decision.
1,v3-its-its-0008-to-too-two-01,TO_TOO_TWO,e66a1413cbb6e11ac5f4271e6d54945705ffcfdc59ef9c87e7336e29c8e6bf7b,VALID,,true,infinitive,governed_infinitive,[],non-gold-v3-its-its-0008-to-too-two-01,Katie Sanderson,2026-09-10T18:03:04Z,true,false,Katie Sanderson reviewed and copied this human decision.
1,v3-its-its-0010-to-too-two-01,TO_TOO_TWO,b273ed6a1d7563929334b9a4a07767af4f7954d272e22772702c083222143157,VALID,,true,preposition,destination_or_recipient_preposition,[],non-gold-v3-its-its-0010-to-too-two-01,Katie Sanderson,2026-09-10T18:03:04Z,true,false,Katie Sanderson reviewed and copied this human decision.
1,v3-its-its-0010-to-too-two-02,TO_TOO_TWO,ad5739ff652722c8ddcada2c5a4dec58578c7e30436a3514960f08f8ee8efd55,VALID,,true,infinitive,governed_infinitive,[],non-gold-v3-its-its-0010-to-too-two-02,Katie Sanderson,2026-09-10T18:03:04Z,true,false,Katie Sanderson reviewed and copied this human decision.
1,v3-its-its-0015-to-too-two-01,TO_TOO_TWO,8863de40276bdabfb4cd1b4b44027670bfb4a79dfb5691777798305ee19cd0ed,VALID,,true,preposition,destination_or_recipient_preposition,[],non-gold-v3-its-its-0015-to-too-two-01,Katie Sanderson,2026-09-10T18:03:04Z,true,false,Katie Sanderson reviewed and copied this human decision.
1,v3-its-its-0020-to-too-two-01,TO_TOO_TWO,5f6ad66e32b180e305f7586a921e39ec79ec5c3949b6d47e186a698625d10cbc,VALID,,true,infinitive,governed_infinitive,[],non-gold-v3-its-its-0020-to-too-two-01,Katie Sanderson,2026-09-10T18:03:04Z,true,false,Katie Sanderson reviewed and copied this human decision.
1,v3-its-its-0021-to-too-two-01,TO_TOO_TWO,56666cb7aaf810ad3df74a5cbb4bb0cc91fb89951dba31781dc5bd94cdd1cdb7,VALID,,true,preposition,destination_or_recipient_preposition,[],non-gold-v3-its-its-0021-to-too-two-01,Katie Sanderson,2026-09-10T18:03:04Z,true,false,Katie Sanderson reviewed and copied this human decision.
1,v3-its-its-0021-to-too-two-02,TO_TOO_TWO,e057899cd391865a739485a683985b7a746257d2dc62adfa778f826f7abc5b1c,VALID,,true,infinitive,governed_infinitive,[],non-gold-v3-its-its-0021-to-too-two-02,Katie Sanderson,2026-09-10T18:03:04Z,true,false,Katie Sanderson reviewed and copied this human decision.
1,v3-its-its-0022-to-too-two-01,TO_TOO_TWO,0488410eda91471cdad29bdef121804c7ba4e086544cc61dccbd93324f6e87d0,VALID,,true,infinitive,governed_infinitive,[],non-gold-v3-its-its-0022-to-too-two-01,Katie Sanderson,2026-09-10T18:03:04Z,true,false,Katie Sanderson reviewed and copied this human decision.
1,v3-its-its-0023-to-too-two-01,TO_TOO_TWO,92ab58ab689a8a99fda2426f7b62e6149edccbea7a035ba8fa07c59badec0c7b,VALID,,true,infinitive,governed_infinitive,[],non-gold-v3-its-its-0023-to-too-two-01,Katie Sanderson,2026-09-10T18:03:04Z,true,false,Katie Sanderson reviewed and copied this human decision.
1,v3-its-its-0024-to-too-two-01,TO_TOO_TWO,ba7271764d9be65fd0f96cbd5042a924e6b6d5da69e9f9a519854c16aa6839cb,VALID,,true,infinitive,governed_infinitive,[],non-gold-v3-its-its-0024-to-too-two-01,Katie Sanderson,2026-09-10T18:03:04Z,true,false,Katie Sanderson reviewed and copied this human decision.
1,v3-its-its-0025-to-too-two-01,TO_TOO_TWO,dc1947f4cfa897eca2fb247a4d4d8d7822077460dcb88c9493f9a79665bebfc9,VALID,,true,infinitive,governed_infinitive,[],non-gold-v3-its-its-0025-to-too-two-01,Katie Sanderson,2026-09-10T18:03:04Z,true,false,Katie Sanderson reviewed and copied this human decision.
1,v3-its-its-0027-to-too-two-01,TO_TOO_TWO,19f88b127a4745b085ebd9cdf1198b57d5d8f23651153d5da8840997194ca02e,VALID,,true,infinitive,governed_infinitive,[],non-gold-v3-its-its-0027-to-too-two-01,Katie Sanderson,2026-09-10T18:03:04Z,true,false,Katie Sanderson reviewed and copied this human decision.
1,v3-its-its-0033-to-too-two-01,TO_TOO_TWO,e09e1d67a241dcf96f6bab16ad62119213adaf36302b3a4e8edbd1b70440fcc0,VALID,,true,infinitive,governed_infinitive,[],non-gold-v3-its-its-0033-to-too-two-01,Katie Sanderson,2026-09-10T18:03:04Z,true,false,Katie Sanderson reviewed and copied this human decision.
1,v3-its-its-0041-to-too-two-01,TO_TOO_TWO,998e190881e9260edaddaaf8ca1acaec257aeff2d1ea8e3ad5b8b361a75bb7f3,VALID,,true,infinitive,governed_infinitive,[],non-gold-v3-its-its-0041-to-too-two-01,Katie Sanderson,2026-09-10T18:03:04Z,true,false,Katie Sanderson reviewed and copied this human decision.
1,v3-its-its-0043-to-too-two-01,TO_TOO_TWO,0ac07451728a104246679dbcfc63752714018c251b643cfde82589a587d73d36,VALID,,true,infinitive,governed_infinitive,[],non-gold-v3-its-its-0043-to-too-two-01,Katie Sanderson,2026-09-10T18:03:04Z,true,false,Katie Sanderson reviewed and copied this human decision.
1,v3-its-its-0044-to-too-two-01,TO_TOO_TWO,d115dc89bf643090b0bcb806a126ad1ffd0b590324cdce7de0043eda8d7b2bfd,VALID,,true,infinitive,governed_infinitive,[],non-gold-v3-its-its-0044-to-too-two-01,Katie Sanderson,2026-09-10T18:03:04Z,true,false,Katie Sanderson reviewed and copied this human decision.
1,v3-its-its-0050-to-too-two-01,TO_TOO_TWO,9ecdb8b12d2861be20b07c9e94190fceaa72f800026c333dedbc084a06e60148,VALID,,true,infinitive,governed_infinitive,[],non-gold-v3-its-its-0050-to-too-two-01,Katie Sanderson,2026-09-10T18:03:04Z,true,false,Katie Sanderson reviewed and copied this human decision.
1,v3-its-its-0061-to-too-two-01,TO_TOO_TWO,e2b8b9e8400285df89716ec02f5da8e0343b22fe6473807456062896cf0d97ed,VALID,,true,infinitive,governed_infinitive,[],non-gold-v3-its-its-0061-to-too-two-01,Katie Sanderson,2026-09-10T18:03:04Z,true,false,Katie Sanderson reviewed and copied this human decision.
1,v3-its-its-0061-to-too-two-02,TO_TOO_TWO,9cdbffb2372ec84541d44256482a189accfb2421d2240f593d05dda731d6afba,VALID,,true,infinitive,governed_infinitive,[],non-gold-v3-its-its-0061-to-too-two-02,Katie Sanderson,2026-09-10T18:03:04Z,true,false,Katie Sanderson reviewed and copied this human decision.
1,v3-its-its-0062-to-too-two-01,TO_TOO_TWO,9757f729d23d390db16e420000c653ca8ea41cb80b8acef2d6988e03e34a858a,VALID,,true,infinitive,governed_infinitive,[],non-gold-v3-its-its-0062-to-too-two-01,Katie Sanderson,2026-09-10T18:03:04Z,true,false,Katie Sanderson reviewed and copied this human decision.
1,v3-its-its-0063-to-too-two-01,TO_TOO_TWO,7436b8215fe6b2665f42496b03e084c9708067bef142b50b43e7d973024e352d,VALID,,true,infinitive,governed_infinitive,[],non-gold-v3-its-its-0063-to-too-two-01,Katie Sanderson,2026-09-10T18:03:04Z,true,false,Katie Sanderson reviewed and copied this human decision.
1,v3-its-its-0064-to-too-two-01,TO_TOO_TWO,8036aa6fb5b9e59cfd7a2f750fa9409bb62179b1d6ef66aa86bbb909ed00966a,VALID,,true,infinitive,governed_infinitive,[],non-gold-v3-its-its-0064-to-too-two-01,Katie Sanderson,2026-09-10T18:03:04Z,true,false,Katie Sanderson reviewed and copied this human decision.
1,v3-its-its-0065-to-too-two-01,TO_TOO_TWO,753c602a43f8c266bc707435af8019d9636457ce70e239f76ea03cae83a3285a,VALID,,true,infinitive,governed_infinitive,[],non-gold-v3-its-its-0065-to-too-two-01,Katie Sanderson,2026-09-10T18:03:04Z,true,false,Katie Sanderson reviewed and copied this human decision.
1,v3-its-its-0066-to-too-two-01,TO_TOO_TWO,7d0970e1bc285f2d6f09e0982679e7b3f5bf4b020e4fc32a18e2c421ad2f5771,VALID,,true,infinitive,governed_infinitive,[],non-gold-v3-its-its-0066-to-too-two-01,Katie Sanderson,2026-09-10T18:03:04Z,true,false,Katie Sanderson reviewed and copied this human decision.
1,v3-its-its-0067-to-too-two-01,TO_TOO_TWO,c7b2a26fe4fcae128ed5dfaf0d92f85a50d3f8c72bb6f970c2653e893fd3a1d9,VALID,,true,infinitive,governed_infinitive,[],non-gold-v3-its-its-0067-to-too-two-01,Katie Sanderson,2026-09-10T18:03:04Z,true,false,Katie Sanderson reviewed and copied this human decision.
1,v3-its-its-0068-to-too-two-01,TO_TOO_TWO,8abd0a96fbd4110cc90eb88c092485e0c9c74b5264f6b16a5110e6a68ac4f8ac,VALID,,true,infinitive,governed_infinitive,[],non-gold-v3-its-its-0068-to-too-two-01,Katie Sanderson,2026-09-10T18:03:04Z,true,false,Katie Sanderson reviewed and copied this human decision.
1,v3-its-its-0068-to-too-two-02,TO_TOO_TWO,335647262de01bcaebda2523b74694b3ed68d9b8f23a03d0dca275e95ec2876b,VALID,,true,infinitive,governed_infinitive,[],non-gold-v3-its-its-0068-to-too-two-02,Katie Sanderson,2026-09-10T18:03:04Z,true,false,Katie Sanderson reviewed and copied this human decision.
1,v3-its-its-0070-to-too-two-01,TO_TOO_TWO,38dd156375c3182c3ba73dfd17ded63e82dac0a84e1722b77463b9e4b24db36a,VALID,,true,infinitive,governed_infinitive,[],non-gold-v3-its-its-0070-to-too-two-01,Katie Sanderson,2026-09-10T18:03:04Z,true,false,Katie Sanderson reviewed and copied this human decision.
1,v3-its-its-0072-to-too-two-01,TO_TOO_TWO,f71fb9316b67c4fcde2cb432296cff7182f706251d1295afeac7f9dd6cd4c1cb,VALID,,true,infinitive,governed_infinitive,[],non-gold-v3-its-its-0072-to-too-two-01,Katie Sanderson,2026-09-10T18:03:04Z,true,false,Katie Sanderson reviewed and copied this human decision.
1,v3-its-its-0074-to-too-two-01,TO_TOO_TWO,c65ec07a9fb6d12201bf95b27882be18eaabc1e75f06824b8d38af7c2148d35f,VALID,,true,infinitive,governed_infinitive,[],non-gold-v3-its-its-0074-to-too-two-01,Katie Sanderson,2026-09-10T18:03:04Z,true,false,Katie Sanderson reviewed and copied this human decision.
1,v3-its-its-0075-to-too-two-01,TO_TOO_TWO,5414113df6211af687f66ea50e53872277dd16d6b77d6f403f5fcdc7f3bf5cba,VALID,,true,infinitive,governed_infinitive,[],non-gold-v3-its-its-0075-to-too-two-01,Katie Sanderson,2026-09-10T18:03:04Z,true,false,Katie Sanderson reviewed and copied this human decision.
1,v3-its-its-0076-to-too-two-01,TO_TOO_TWO,a51a505f1f2324ec698d7cafc8980d00525d03499db11bddf2fabc43d33c1af2,VALID,,true,infinitive,governed_infinitive,[],non-gold-v3-its-its-0076-to-too-two-01,Katie Sanderson,2026-09-10T18:03:04Z,true,false,Katie Sanderson reviewed and copied this human decision.
1,v3-its-its-0077-to-too-two-01,TO_TOO_TWO,c066862bcf24b9f0a08f90cef2e267a36276abb230c9ecf8cde736c9308c0d93,VALID,,true,infinitive,governed_infinitive,[],non-gold-v3-its-its-0077-to-too-two-01,Katie Sanderson,2026-09-10T18:03:04Z,true,false,Katie Sanderson reviewed and copied this human decision.
1,v3-its-its-0078-to-too-two-01,TO_TOO_TWO,0f207aeedcae228ada27ef2e9744d761f0601ebc722f240040b4b96a429e4223,VALID,,true,infinitive,governed_infinitive,[],non-gold-v3-its-its-0078-to-too-two-01,Katie Sanderson,2026-09-10T18:03:04Z,true,false,Katie Sanderson reviewed and copied this human decision.
1,v3-its-its-0079-to-too-two-01,TO_TOO_TWO,2bf074d65167e861f6c8322847b885c1d703b32abff4cc9f333b4965a85a602e,VALID,,true,infinitive,governed_infinitive,[],non-gold-v3-its-its-0079-to-too-two-01,Katie Sanderson,2026-09-10T18:03:04Z,true,false,Katie Sanderson reviewed and copied this human decision.
1,v3-its-its-0079-to-too-two-02,TO_TOO_TWO,eeaaaf6f2e71ffa12eee75aa97891aa3292bdc1241cd83b978ab15c0c2c3e539,VALID,,true,infinitive,governed_infinitive,[],non-gold-v3-its-its-0079-to-too-two-02,Katie Sanderson,2026-09-10T18:03:04Z,true,false,Katie Sanderson reviewed and copied this human decision.
1,v3-its-its-0080-to-too-two-01,TO_TOO_TWO,bc04a747d695e86462f8eeedfd66b3b58b4fc151c9c5c6816ddcdc617615f13b,VALID,,true,infinitive,governed_infinitive,[],non-gold-v3-its-its-0080-to-too-two-01,Katie Sanderson,2026-09-10T18:03:04Z,true,false,Katie Sanderson reviewed and copied this human decision.
1,v3-its-its-0082-to-too-two-01,TO_TOO_TWO,2ddb822816fc2bfd6c13aec97a3eb2b17e9413b2fcefcc5127fe9c0b873385a5,VALID,,true,infinitive,governed_infinitive,[],non-gold-v3-its-its-0082-to-too-two-01,Katie Sanderson,2026-09-10T18:03:04Z,true,false,Katie Sanderson reviewed and copied this human decision.
1,v3-its-its-0082-to-too-two-02,TO_TOO_TWO,fcf3fd0a3ab2ab3fdfdbf8e1f8c7b773d0125e16b9328d023ceffdaddd4bac36,VALID,,true,infinitive,governed_infinitive,[],non-gold-v3-its-its-0082-to-too-two-02,Katie Sanderson,2026-09-10T18:03:04Z,true,false,Katie Sanderson reviewed and copied this human decision.
1,v3-its-its-0084-to-too-two-01,TO_TOO_TWO,7475dd3c3a9be27bd5a0e13b640924ba4a0c26aece47fcab80ff3ebb2f262a41,VALID,,true,infinitive,governed_infinitive,[],non-gold-v3-its-its-0084-to-too-two-01,Katie Sanderson,2026-09-10T18:03:04Z,true,false,Katie Sanderson reviewed and copied this human decision.
1,v3-its-its-0085-to-too-two-01,TO_TOO_TWO,a14fd826e79385e8bff2f3a5219e08b7768cf22cc03e4f61764e23f011c1aa93,VALID,,true,infinitive,governed_infinitive,[],non-gold-v3-its-its-0085-to-too-two-01,Katie Sanderson,2026-09-10T18:03:04Z,true,false,Katie Sanderson reviewed and copied this human decision.
1,v3-its-its-0085-to-too-two-02,TO_TOO_TWO,60529c1390cbd6129a5bea4cbf98b167ace96987ee706530a1624d3ec7046649,VALID,,true,infinitive,governed_infinitive,[],non-gold-v3-its-its-0085-to-too-two-02,Katie Sanderson,2026-09-10T18:03:04Z,true,false,Katie Sanderson reviewed and copied this human decision.
1,v3-its-its-0087-to-too-two-01,TO_TOO_TWO,ba28d737220dfb8cfc23791078fee715ddec992ac9c38eab00a527002657a3bf,VALID,,true,infinitive,governed_infinitive,[],non-gold-v3-its-its-0087-to-too-two-01,Katie Sanderson,2026-09-10T18:03:04Z,true,false,Katie Sanderson reviewed and copied this human decision.
1,v3-its-its-0088-to-too-two-01,TO_TOO_TWO,7da984e8279358b7583c08b7168fec30186708ab5b110b4b7b09add8870cfeca,VALID,,true,infinitive,governed_infinitive,[],non-gold-v3-its-its-0088-to-too-two-01,Katie Sanderson,2026-09-10T18:03:04Z,true,false,Katie Sanderson reviewed and copied this human decision.
1,v3-its-its-0089-to-too-two-01,TO_TOO_TWO,047b467f84e23c50b25ae17f7052b10536be14ad4d2eaa8e330af52bca28ad45,VALID,,true,infinitive,governed_infinitive,[],non-gold-v3-its-its-0089-to-too-two-01,Katie Sanderson,2026-09-10T18:03:04Z,true,false,Katie Sanderson reviewed and copied this human decision.
1,v3-its-its-0091-to-too-two-01,TO_TOO_TWO,b9a1943c21cf29d77351c400aecdb88dbb6c65969243efd2c3d7fd5b9f10e58a,VALID,,true,infinitive,governed_infinitive,[],non-gold-v3-its-its-0091-to-too-two-01,Katie Sanderson,2026-09-10T18:03:04Z,true,false,Katie Sanderson reviewed and copied this human decision.
1,v3-its-its-0093-to-too-two-01,TO_TOO_TWO,016ce8a965ca49f4ff9ee0c2ba792bda52ae34b5c656f6d205a51f795b66a59e,VALID,,true,infinitive,governed_infinitive,[],non-gold-v3-its-its-0093-to-too-two-01,Katie Sanderson,2026-09-10T18:03:04Z,true,false,Katie Sanderson reviewed and copied this human decision.
1,v3-its-its-0095-to-too-two-01,TO_TOO_TWO,bba476611a8382e57d745fde049e79a07f2646499978c4716fc40d3e024a463b,VALID,,true,infinitive,governed_infinitive,[],non-gold-v3-its-its-0095-to-too-two-01,Katie Sanderson,2026-09-10T18:03:04Z,true,false,Katie Sanderson reviewed and copied this human decision.
1,v3-its-its-0095-to-too-two-02,TO_TOO_TWO,83792f1cd98c1594f5defd9f99081c5a580351169d5b659415d0a26120a068ff,VALID,,true,infinitive,governed_infinitive,[],non-gold-v3-its-its-0095-to-too-two-02,Katie Sanderson,2026-09-10T18:03:04Z,true,false,Katie Sanderson reviewed and copied this human decision.
1,v3-its-its-0096-to-too-two-01,TO_TOO_TWO,f167d8760f2c597fdfc623eae8dac1cee13ef7e19cd10a2aa81a3fb30f968ccb,VALID,,true,infinitive,governed_infinitive,[],non-gold-v3-its-its-0096-to-too-two-01,Katie Sanderson,2026-09-10T18:03:04Z,true,false,Katie Sanderson reviewed and copied this human decision.
1,v3-its-its-0097-to-too-two-01,TO_TOO_TWO,f7c4bb1f50e390d39062a402f15a3c22495cf96853ee6ba99606763c2329a46e,VALID,,true,infinitive,governed_infinitive,[],non-gold-v3-its-its-0097-to-too-two-01,Katie Sanderson,2026-09-10T18:03:04Z,true,false,Katie Sanderson reviewed and copied this human decision.
1,v3-its-its-0097-to-too-two-02,TO_TOO_TWO,f6af3ed656c8a22ba2c0dee57b47ab6a0f1f5adb6b51c883b3bf4adaef346adf,VALID,,true,infinitive,governed_infinitive,[],non-gold-v3-its-its-0097-to-too-two-02,Katie Sanderson,2026-09-10T18:03:04Z,true,false,Katie Sanderson reviewed and copied this human decision.
1,v3-its-its-0099-to-too-two-01,TO_TOO_TWO,4d6b89ecb1ba7a66d18133569a6715c045a625c9dd13888f0140f9f6d2220104,VALID,,true,infinitive,governed_infinitive,[],non-gold-v3-its-its-0099-to-too-two-01,Katie Sanderson,2026-09-10T18:03:04Z,true,false,Katie Sanderson reviewed and copied this human decision.
1,v3-its-its-0101-to-too-two-01,TO_TOO_TWO,bd75bea428022c056dbc4ce6692c42b508bfb9db57e7da35e99930993e97504b,VALID,,true,infinitive,governed_infinitive,[],non-gold-v3-its-its-0101-to-too-two-01,Katie Sanderson,2026-09-10T18:03:04Z,true,false,Katie Sanderson reviewed and copied this human decision.
1,v3-its-its-0105-to-too-two-01,TO_TOO_TWO,d2ff11354009fa8a5569d280e498778f2abb57525a334087aba3e4d8690ec435,VALID,,true,infinitive,governed_infinitive,[],non-gold-v3-its-its-0105-to-too-two-01,Katie Sanderson,2026-09-10T18:03:04Z,true,false,Katie Sanderson reviewed and copied this human decision.
1,v3-its-its-0108-to-too-two-01,TO_TOO_TWO,1348a1ddc285efb6c804dda10da43a1984a8062a1b9b39c06273be2176186dd7,VALID,,true,infinitive,governed_infinitive,[],non-gold-v3-its-its-0108-to-too-two-01,Katie Sanderson,2026-09-10T18:03:04Z,true,false,Katie Sanderson reviewed and copied this human decision.
1,v3-its-its-0108-to-too-two-02,TO_TOO_TWO,c3cef4020b39e9fe619a9a884ce7759db798decec047ca588812ddde98dce292,VALID,,true,infinitive,governed_infinitive,[],non-gold-v3-its-its-0108-to-too-two-02,Katie Sanderson,2026-09-10T18:03:04Z,true,false,Katie Sanderson reviewed and copied this human decision.
1,v3-its-its-0109-to-too-two-01,TO_TOO_TWO,c61513d37640661f66cc93760baa661d0a3cd1d233d1f775adcb9c66ae2f64c9,VALID,,true,infinitive,governed_infinitive,[],non-gold-v3-its-its-0109-to-too-two-01,Katie Sanderson,2026-09-10T18:03:04Z,true,false,Katie Sanderson reviewed and copied this human decision.
1,v3-its-its-0112-to-too-two-01,TO_TOO_TWO,b0f4000f2ac9920f5e0d6bef51569d72fc47d449693f64bf19c3b5ff109b6a17,VALID,,true,infinitive,governed_infinitive,[],non-gold-v3-its-its-0112-to-too-two-01,Katie Sanderson,2026-09-10T18:03:04Z,true,false,Katie Sanderson reviewed and copied this human decision.
1,v3-its-its-0114-to-too-two-01,TO_TOO_TWO,367228c5099dd5e80044c3e6c61fb3242284a5dc6231bb92b3ccf8bd4ef85696,VALID,,true,infinitive,governed_infinitive,[],non-gold-v3-its-its-0114-to-too-two-01,Katie Sanderson,2026-09-10T18:03:04Z,true,false,Katie Sanderson reviewed and copied this human decision.
1,v3-its-its-0114-to-too-two-02,TO_TOO_TWO,a211f6fe9b3efb44742491996dbe1f1a14b8d6f39315b45fd2ec9208928df629,VALID,,true,additive,clause_additive,[],non-gold-v3-its-its-0114-to-too-two-02,Katie Sanderson,2026-09-10T18:03:04Z,true,false,Katie Sanderson reviewed and copied this human decision.
1,v3-its-its-0114-to-too-two-03,TO_TOO_TWO,90767dc9ba4f6c9aff15bb59ea5ad24742a21dfbd6efd1cba63c0531850cbb95,VALID,,true,infinitive,governed_infinitive,[],non-gold-v3-its-its-0114-to-too-two-03,Katie Sanderson,2026-09-10T18:03:04Z,true,false,Katie Sanderson reviewed and copied this human decision.
1,v3-its-its-0115-to-too-two-01,TO_TOO_TWO,532336e95090afff6b0b4bccc4ec30b97a0072eb32e301a6d6ec9a0933f02719,VALID,,true,infinitive,governed_infinitive,[],non-gold-v3-its-its-0115-to-too-two-01,Katie Sanderson,2026-09-10T18:03:04Z,true,false,Katie Sanderson reviewed and copied this human decision.
1,v3-its-its-0116-to-too-two-01,TO_TOO_TWO,ce7ef468a957f0e23b780b048af6581a66c1f7e17f75936d3e606c7dc8d757f6,VALID,,true,infinitive,governed_infinitive,[],non-gold-v3-its-its-0116-to-too-two-01,Katie Sanderson,2026-09-10T18:03:04Z,true,false,Katie Sanderson reviewed and copied this human decision.
1,v3-its-its-0117-to-too-two-01,TO_TOO_TWO,82496f7718b0b671b918704d8efd21b3d63cdea3c06308188acde41ddbc3531e,VALID,,true,infinitive,governed_infinitive,[],non-gold-v3-its-its-0117-to-too-two-01,Katie Sanderson,2026-09-10T18:03:04Z,true,false,Katie Sanderson reviewed and copied this human decision.
1,v3-its-its-0119-to-too-two-01,TO_TOO_TWO,845e4e25ea033eb0eade4df9b72f89436d497d6049ff8ea02249283950eaed56,VALID,,true,preposition,destination_or_recipient_preposition,[],non-gold-v3-its-its-0119-to-too-two-01,Katie Sanderson,2026-09-10T18:03:04Z,true,false,Katie Sanderson reviewed and copied this human decision.
1,v3-its-its-0121-to-too-two-01,TO_TOO_TWO,c458c6fa8833072479b578714f38fb3f93fb59965cb16035a6692779cb93c8a9,VALID,,true,infinitive,governed_infinitive,[],non-gold-v3-its-its-0121-to-too-two-01,Katie Sanderson,2026-09-10T18:03:04Z,true,false,Katie Sanderson reviewed and copied this human decision.
1,v3-its-its-0122-to-too-two-01,TO_TOO_TWO,7aaf7599a17fd9319ab9cef9024c51ef7aaa0edbba112f48550264d911bbe39b,VALID,,true,infinitive,governed_infinitive,[],non-gold-v3-its-its-0122-to-too-two-01,Katie Sanderson,2026-09-10T18:03:04Z,true,false,Katie Sanderson reviewed and copied this human decision.
1,v3-its-its-0122-to-too-two-02,TO_TOO_TWO,041e6a80a33c88d5cc460e4426dc932ae029fb344339684f81fb7dd527a1fd68,VALID,,true,additive,clause_additive,[],non-gold-v3-its-its-0122-to-too-two-02,Katie Sanderson,2026-09-10T18:03:04Z,true,false,Katie Sanderson reviewed and copied this human decision.
1,v3-its-its-0122-to-too-two-03,TO_TOO_TWO,c475611f15ac2a8ff7bae9a4b5dd01d2a84e9749236109d19629930c6ee4e085,VALID,,true,infinitive,governed_infinitive,[],non-gold-v3-its-its-0122-to-too-two-03,Katie Sanderson,2026-09-10T18:03:04Z,true,false,Katie Sanderson reviewed and copied this human decision.
1,v3-its-its-0125-to-too-two-01,TO_TOO_TWO,618c16d556046ef6750f4ae7232bc6eb1a3de9608afb6adaca0ac942d5abf14a,VALID,,true,infinitive,governed_infinitive,[],non-gold-v3-its-its-0125-to-too-two-01,Katie Sanderson,2026-09-10T18:03:04Z,true,false,Katie Sanderson reviewed and copied this human decision.
1,v3-its-its-0126-to-too-two-01,TO_TOO_TWO,aa25cd79a4f00d3ea5e8c8df7edecbc99c9d898fbdf925877651a5231b71c106,VALID,,true,preposition,destination_or_recipient_preposition,[],non-gold-v3-its-its-0126-to-too-two-01,Katie Sanderson,2026-09-10T18:03:04Z,true,false,Katie Sanderson reviewed and copied this human decision.
1,v3-its-its-0127-to-too-two-01,TO_TOO_TWO,e9ea75e8678a98f85b56e2e95c15b5aaadb3c1b68485be6bb849d9aaec20999b,VALID,,true,infinitive,governed_infinitive,[],non-gold-v3-its-its-0127-to-too-two-01,Katie Sanderson,2026-09-10T18:03:04Z,true,false,Katie Sanderson reviewed and copied this human decision.
1,v3-its-its-0127-to-too-two-02,TO_TOO_TWO,9ac7747d0853e7258cabd57a5b85f1159c235203ded0d280c8ee8f977f29e4dc,VALID,,true,infinitive,governed_infinitive,[],non-gold-v3-its-its-0127-to-too-two-02,Katie Sanderson,2026-09-10T18:03:04Z,true,false,Katie Sanderson reviewed and copied this human decision.
1,v3-its-its-0127-to-too-two-03,TO_TOO_TWO,ac517d31598ef7f911ae6a17dba10f9e313549d56298fea419ee99722dc625ce,VALID,,true,additive,clause_additive,[],non-gold-v3-its-its-0127-to-too-two-03,Katie Sanderson,2026-09-10T18:03:04Z,true,false,Katie Sanderson reviewed and copied this human decision.
1,v3-its-its-0127-to-too-two-04,TO_TOO_TWO,e274c08eabe463168b0f8bfc43a1bc2c41376d2ef1d2004aabbb3738bdffd5a2,VALID,,true,infinitive,governed_infinitive,[],non-gold-v3-its-its-0127-to-too-two-04,Katie Sanderson,2026-09-10T18:03:04Z,true,false,Katie Sanderson reviewed and copied this human decision.
1,v3-its-its-0129-to-too-two-01,TO_TOO_TWO,ac4abe90cd18c0e78edb7a8b70978b5c8dd2582a8ca4aa5812d8d6bf27cf42a5,VALID,,true,infinitive,governed_infinitive,[],non-gold-v3-its-its-0129-to-too-two-01,Katie Sanderson,2026-09-10T18:03:04Z,true,false,Katie Sanderson reviewed and copied this human decision.
1,v3-its-its-0130-to-too-two-01,TO_TOO_TWO,4b74c2b0e4d1765ea8e6aa849caca5dcbd7a8260b97b242a9641dade7165af33,VALID,,true,infinitive,governed_infinitive,[],non-gold-v3-its-its-0130-to-too-two-01,Katie Sanderson,2026-09-10T18:03:04Z,true,false,Katie Sanderson reviewed and copied this human decision.
1,v3-its-its-0131-to-too-two-01,TO_TOO_TWO,55c2598e707f5fa6f8a59205ce9fd4de6fa0aed831aaf907a36e6facf8b4d222,VALID,,true,infinitive,governed_infinitive,[],non-gold-v3-its-its-0131-to-too-two-01,Katie Sanderson,2026-09-10T18:03:04Z,true,false,Katie Sanderson reviewed and copied this human decision.
1,v3-its-its-0131-to-too-two-02,TO_TOO_TWO,8256c6933474bb1e547a03c4469008673882b51d83686bf233bb942ecd95b289,VALID,,true,additive,clause_additive,[],non-gold-v3-its-its-0131-to-too-two-02,Katie Sanderson,2026-09-10T18:03:04Z,true,false,Katie Sanderson reviewed and copied this human decision.
1,v3-its-its-0131-to-too-two-03,TO_TOO_TWO,d9ed8a629c422e9b2f33cc519d26a9dbb40a83e49d63a02f58601e78a99b02e0,VALID,,true,infinitive,governed_infinitive,[],non-gold-v3-its-its-0131-to-too-two-03,Katie Sanderson,2026-09-10T18:03:04Z,true,false,Katie Sanderson reviewed and copied this human decision.
1,v3-its-its-0132-to-too-two-01,TO_TOO_TWO,8405682876a6be92463a61722d5d1b42d684c3e0584a72e1f81067f3af7375cd,VALID,,true,infinitive,governed_infinitive,[],non-gold-v3-its-its-0132-to-too-two-01,Katie Sanderson,2026-09-10T18:03:04Z,true,false,Katie Sanderson reviewed and copied this human decision.
1,v3-its-its-0132-to-too-two-02,TO_TOO_TWO,373f635e29e3cad208ff9fa94445a0aad40d60a4b0e1ad692a989554886fbcd9,VALID,,true,additive,clause_additive,[],non-gold-v3-its-its-0132-to-too-two-02,Katie Sanderson,2026-09-10T18:03:04Z,true,false,Katie Sanderson reviewed and copied this human decision.
1,v3-its-its-0134-to-too-two-01,TO_TOO_TWO,6fe7b7fc57a1666c32cfbab55edafed2fa79ecea2257abfa30bc1a917f23e645,VALID,,true,infinitive,governed_infinitive,[],non-gold-v3-its-its-0134-to-too-two-01,Katie Sanderson,2026-09-10T18:03:04Z,true,false,Katie Sanderson reviewed and copied this human decision.
1,v3-its-its-0136-to-too-two-01,TO_TOO_TWO,e9a3398adb75c14363728f12a1ca68c081678e1e6665cf6f3dafba2575d504cb,VALID,,true,preposition,destination_or_recipient_preposition,[],non-gold-v3-its-its-0136-to-too-two-01,Katie Sanderson,2026-09-10T18:03:04Z,true,false,Katie Sanderson reviewed and copied this human decision.
1,v3-its-its-0136-to-too-two-02,TO_TOO_TWO,9df5bd665d2f074f509ef491aac5a8759f1a710d39ba637cd4fb8134a2ae5adf,VALID,,true,infinitive,governed_infinitive,[],non-gold-v3-its-its-0136-to-too-two-02,Katie Sanderson,2026-09-10T18:03:04Z,true,false,Katie Sanderson reviewed and copied this human decision.
1,v3-its-its-0137-to-too-two-01,TO_TOO_TWO,30c162c6304ce4d1e9265a57e8861a0d4db42124c07f7f6a748d698a772292be,VALID,,true,infinitive,governed_infinitive,[],non-gold-v3-its-its-0137-to-too-two-01,Katie Sanderson,2026-09-10T18:03:04Z,true,false,Katie Sanderson reviewed and copied this human decision.
1,v3-its-its-0139-to-too-two-01,TO_TOO_TWO,cdc667ffda3fbebd092f25690d5874144f48d0b77623b1124918e449f09da0f0,VALID,,true,infinitive,governed_infinitive,[],non-gold-v3-its-its-0139-to-too-two-01,Katie Sanderson,2026-09-10T18:03:04Z,true,false,Katie Sanderson reviewed and copied this human decision.
1,v3-its-its-0139-to-too-two-02,TO_TOO_TWO,010dc52e6ff64141adf8b5ae7f62d05515566a7463239e5e6e98489cc967f080,VALID,,true,infinitive,governed_infinitive,[],non-gold-v3-its-its-0139-to-too-two-02,Katie Sanderson,2026-09-10T18:03:04Z,true,false,Katie Sanderson reviewed and copied this human decision.
1,v3-its-its-0139-to-too-two-03,TO_TOO_TWO,064081ce7cf6778294a818ee714cf09be9489f4c36061237156c36bfd6262144,VALID,,true,additive,clause_additive,[],non-gold-v3-its-its-0139-to-too-two-03,Katie Sanderson,2026-09-10T18:03:04Z,true,false,Katie Sanderson reviewed and copied this human decision.
1,v3-its-its-0140-to-too-two-01,TO_TOO_TWO,26ea74d597e9c6c5b0f2f04588714e421f6ddba38d36e269870888b8bca4e4d3,VALID,,true,infinitive,governed_infinitive,[],non-gold-v3-its-its-0140-to-too-two-01,Katie Sanderson,2026-09-10T18:03:04Z,true,false,Katie Sanderson reviewed and copied this human decision.
1,v3-its-its-0144-to-too-two-01,TO_TOO_TWO,aeff7d187ba69fbf5da1cd653c39b6d69c15d47e374d933b908b1647b81316f7,VALID,,true,infinitive,governed_infinitive,[],non-gold-v3-its-its-0144-to-too-two-01,Katie Sanderson,2026-09-10T18:03:04Z,true,false,Katie Sanderson reviewed and copied this human decision.
1,v3-its-its-0145-to-too-two-01,TO_TOO_TWO,e0bbb3e4c765b02c7336dbbaecb9f1326251fee471453a4b665432eb257e564b,VALID,,true,infinitive,governed_infinitive,[],non-gold-v3-its-its-0145-to-too-two-01,Katie Sanderson,2026-09-10T18:03:04Z,true,false,Katie Sanderson reviewed and copied this human decision.
1,v3-its-its-0146-to-too-two-01,TO_TOO_TWO,c11e7a3283825fa0802b516508dc8319113a485900446050e046c76a40f45a80,VALID,,true,preposition,destination_or_recipient_preposition,[],non-gold-v3-its-its-0146-to-too-two-01,Katie Sanderson,2026-09-10T18:03:04Z,true,false,Katie Sanderson reviewed and copied this human decision.
1,v3-its-its-0147-to-too-two-01,TO_TOO_TWO,63947363ab1c21943796c685d6508c7da9dd1377bfb15fac001a68338d1cd944,VALID,,true,preposition,destination_or_recipient_preposition,[],non-gold-v3-its-its-0147-to-too-two-01,Katie Sanderson,2026-09-10T18:03:04Z,true,false,Katie Sanderson reviewed and copied this human decision.
1,v3-its-its-0147-to-too-two-02,TO_TOO_TWO,cab70dc87c0c75bee49053488aa8c25cdba7ea135e24cdc2558f3eb6aea52271,VALID,,true,infinitive,governed_infinitive,[],non-gold-v3-its-its-0147-to-too-two-02,Katie Sanderson,2026-09-10T18:03:04Z,true,false,Katie Sanderson reviewed and copied this human decision.
1,v3-its-its-0147-to-too-two-03,TO_TOO_TWO,56a343089c033e3e119613fc75f9aea5509711a8e7ab7b2671117865bf06835b,VALID,,true,additive,clause_additive,[],non-gold-v3-its-its-0147-to-too-two-03,Katie Sanderson,2026-09-10T18:03:04Z,true,false,Katie Sanderson reviewed and copied this human decision.
1,v3-its-its-0149-to-too-two-01,TO_TOO_TWO,1f27eb5b369e871380e9c4d33ed9917bc064442fb0a4f47d59c57ff3192f4c29,VALID,,true,preposition,destination_or_recipient_preposition,[],non-gold-v3-its-its-0149-to-too-two-01,Katie Sanderson,2026-09-10T18:03:04Z,true,false,Katie Sanderson reviewed and copied this human decision.
1,v3-its-its-0149-to-too-two-02,TO_TOO_TWO,83c3f4f0552fc4112d46f957d41c216c653f6c4126b48d318bea39dbc63a026b,VALID,,true,infinitive,governed_infinitive,[],non-gold-v3-its-its-0149-to-too-two-02,Katie Sanderson,2026-09-10T18:03:04Z,true,false,Katie Sanderson reviewed and copied this human decision.
1,v3-its-its-0149-to-too-two-03,TO_TOO_TWO,21facc0886982fc28684d4630fe7cf273f4b6f045a63a83c8defc41cb306400b,VALID,,true,additive,clause_additive,[],non-gold-v3-its-its-0149-to-too-two-03,Katie Sanderson,2026-09-10T18:03:04Z,true,false,Katie Sanderson reviewed and copied this human decision.
1,v3-its-its-0149-to-too-two-04,TO_TOO_TWO,40ac42779e5c6f2b415cc96935c1681ac10069579e49e3de9c03a0af072c1d91,VALID,,true,infinitive,governed_infinitive,[],non-gold-v3-its-its-0149-to-too-two-04,Katie Sanderson,2026-09-10T18:03:04Z,true,false,Katie Sanderson reviewed and copied this human decision.
1,v3-its-its-0154-to-too-two-01,TO_TOO_TWO,0d3182028456fddc6869bc6b5097feec15bfd48499cd2d77577d47d7842926bf,VALID,,true,infinitive,governed_infinitive,[],non-gold-v3-its-its-0154-to-too-two-01,Katie Sanderson,2026-09-10T18:03:04Z,true,false,Katie Sanderson reviewed and copied this human decision.
1,v3-its-its-0156-to-too-two-01,TO_TOO_TWO,4fc9ca3b193e1e82715e4d3778b90d1c0bc6c2291947a24c26d2db560c0051fe,VALID,,true,infinitive,governed_infinitive,[],non-gold-v3-its-its-0156-to-too-two-01,Katie Sanderson,2026-09-10T18:03:04Z,true,false,Katie Sanderson reviewed and copied this human decision.
1,v3-its-its-0167-to-too-two-01,TO_TOO_TWO,0362fc66191ed928ace1d092bcfbefb5e2de8f67d6bc2510727e3065f240b456,VALID,,true,infinitive,governed_infinitive,[],non-gold-v3-its-its-0167-to-too-two-01,Katie Sanderson,2026-09-10T18:03:04Z,true,false,Katie Sanderson reviewed and copied this human decision.
1,v3-its-its-0168-to-too-two-01,TO_TOO_TWO,0e2340100b865f73e3f061772b891c3211e6b39b401f9a35de2d3c77a4346d13,VALID,,true,infinitive,governed_infinitive,[],non-gold-v3-its-its-0168-to-too-two-01,Katie Sanderson,2026-09-10T18:03:04Z,true,false,Katie Sanderson reviewed and copied this human decision.
1,v3-its-its-0173-to-too-two-01,TO_TOO_TWO,2991a3e1422bf56098e8559da707ee365df59f7994e06efdbe7aeb13cb6aae9e,VALID,,true,infinitive,governed_infinitive,[],non-gold-v3-its-its-0173-to-too-two-01,Katie Sanderson,2026-09-10T18:03:04Z,true,false,Katie Sanderson reviewed and copied this human decision.
1,v3-its-its-0175-to-too-two-01,TO_TOO_TWO,b662b6639724bce4070989d8c36a0c0366149af586f752eb436c343d19b98c35,VALID,,true,infinitive,governed_infinitive,[],non-gold-v3-its-its-0175-to-too-two-01,Katie Sanderson,2026-09-10T18:03:04Z,true,false,Katie Sanderson reviewed and copied this human decision.
1,v3-its-its-0178-to-too-two-01,TO_TOO_TWO,53e2ae06da413373ab7776257de898eff775806e48cb3f734bc90bcdadd56083,VALID,,true,infinitive,governed_infinitive,[],non-gold-v3-its-its-0178-to-too-two-01,Katie Sanderson,2026-09-10T18:03:04Z,true,false,Katie Sanderson reviewed and copied this human decision.
1,v3-its-its-0180-to-too-two-01,TO_TOO_TWO,d79b7626731de63d76eac15b632263a51b96bd50ceccb85564d0ba977e57453a,VALID,,true,infinitive,governed_infinitive,[],non-gold-v3-its-its-0180-to-too-two-01,Katie Sanderson,2026-09-10T18:03:04Z,true,false,Katie Sanderson reviewed and copied this human decision.
1,v3-its-its-0182-to-too-two-01,TO_TOO_TWO,1496552b6e34f59d0a25858348b3e467e36911d72505de90cb87485aae6e9e3e,VALID,,true,infinitive,governed_infinitive,[],non-gold-v3-its-its-0182-to-too-two-01,Katie Sanderson,2026-09-10T18:03:04Z,true,false,Katie Sanderson reviewed and copied this human decision.
1,v3-its-its-0187-to-too-two-01,TO_TOO_TWO,c21302ad0e6443f1754e6622a9f8a0e538561e029c721bf8eb476204316efa37,VALID,,true,infinitive,governed_infinitive,[],non-gold-v3-its-its-0187-to-too-two-01,Katie Sanderson,2026-09-10T18:03:04Z,true,false,Katie Sanderson reviewed and copied this human decision.
1,v3-its-its-0189-to-too-two-01,TO_TOO_TWO,afd06ab25d7b319400c9c4681cc6d55dff6f6305bac63cf31c0cb356506b8c6d,VALID,,true,infinitive,governed_infinitive,[],non-gold-v3-its-its-0189-to-too-two-01,Katie Sanderson,2026-09-10T18:03:04Z,true,false,Katie Sanderson reviewed and copied this human decision.
1,v3-its-its-0196-to-too-two-01,TO_TOO_TWO,e19e0ad0d2a226feec7393764e8d50a5ae52f64e6bf3b7d69ff9773f9fd0b2de,VALID,,true,infinitive,governed_infinitive,[],non-gold-v3-its-its-0196-to-too-two-01,Katie Sanderson,2026-09-10T18:03:04Z,true,false,Katie Sanderson reviewed and copied this human decision.
1,v3-its-its-0197-to-too-two-01,TO_TOO_TWO,6f2121abefe59a64a4a7e6817e6ef219c56a2c4f7cb8e787da462ff2aaa8d9e0,VALID,,true,infinitive,governed_infinitive,[],non-gold-v3-its-its-0197-to-too-two-01,Katie Sanderson,2026-09-10T18:03:04Z,true,false,Katie Sanderson reviewed and copied this human decision.
1,v3-its-its-0198-to-too-two-01,TO_TOO_TWO,80f1802118dac70b374f11eac566887ec5843ba7dcc296f484d6a4463c8ef558,VALID,,true,infinitive,governed_infinitive,[],non-gold-v3-its-its-0198-to-too-two-01,Katie Sanderson,2026-09-10T18:03:04Z,true,false,Katie Sanderson reviewed and copied this human decision.
1,v3-its-its-0201-to-too-two-01,TO_TOO_TWO,c0683ba3a2d89c632e95596353d721340f207d95072c2f4f29d33b7cc438b887,VALID,,true,infinitive,governed_infinitive,[],non-gold-v3-its-its-0201-to-too-two-01,Katie Sanderson,2026-09-10T18:03:04Z,true,false,Katie Sanderson reviewed and copied this human decision.
1,v3-its-its-0204-to-too-two-01,TO_TOO_TWO,14d12b9486810542faf53013b5d5d31477f821e95e3a4528b3051de81a5d1051,VALID,,true,infinitive,governed_infinitive,[],non-gold-v3-its-its-0204-to-too-two-01,Katie Sanderson,2026-09-10T18:03:04Z,true,false,Katie Sanderson reviewed and copied this human decision.
1,v3-its-its-0209-to-too-two-01,TO_TOO_TWO,d74d2801450879e2f13a4f964d2dee16fd8bae5937e8659a6e2636616a32addb,VALID,,true,infinitive,governed_infinitive,[],non-gold-v3-its-its-0209-to-too-two-01,Katie Sanderson,2026-09-10T18:03:04Z,true,false,Katie Sanderson reviewed and copied this human decision.
1,v3-its-its-0211-to-too-two-01,TO_TOO_TWO,48c9b481311913cba623147ce9f6b6987389eac4a2943329479c95a8fdc7e2ef,VALID,,true,infinitive,governed_infinitive,[],non-gold-v3-its-its-0211-to-too-two-01,Katie Sanderson,2026-09-10T18:03:04Z,true,false,Katie Sanderson reviewed and copied this human decision.
1,v3-its-its-0213-to-too-two-01,TO_TOO_TWO,63a0e0c0da77d98c7cd5a2a66871ebfb1b359c9092dbcb3dedbd1d5a959bdb1d,VALID,,true,infinitive,governed_infinitive,[],non-gold-v3-its-its-0213-to-too-two-01,Katie Sanderson,2026-09-10T18:03:04Z,true,false,Katie Sanderson reviewed and copied this human decision.
1,v3-its-its-0217-to-too-two-01,TO_TOO_TWO,9820606c42e1ea3577c1c8f1592d5a7c996f936b4d48aa1764160ca737614750,VALID,,true,infinitive,governed_infinitive,[],non-gold-v3-its-its-0217-to-too-two-01,Katie Sanderson,2026-09-10T18:03:04Z,true,false,Katie Sanderson reviewed and copied this human decision.
1,v3-its-its-0218-to-too-two-01,TO_TOO_TWO,b865a366ae8ea109a3e94632da7dc3fdaa5cbc7d3c9f9da8747c82d592f9b173,VALID,,true,infinitive,governed_infinitive,[],non-gold-v3-its-its-0218-to-too-two-01,Katie Sanderson,2026-09-10T18:03:04Z,true,false,Katie Sanderson reviewed and copied this human decision.
1,v3-its-its-0219-to-too-two-01,TO_TOO_TWO,265eda5d1ed92ad6398b1e0da3d3acf40b19f2313d4688be50b8bdf236bd9efd,VALID,,true,infinitive,governed_infinitive,[],non-gold-v3-its-its-0219-to-too-two-01,Katie Sanderson,2026-09-10T18:03:04Z,true,false,Katie Sanderson reviewed and copied this human decision.
1,v3-its-its-0222-to-too-two-01,TO_TOO_TWO,e67d90ee84b508079d22fd4898cc81d2e982744d9e0707d41640dd32cd9f9b9f,VALID,,true,infinitive,governed_infinitive,[],non-gold-v3-its-its-0222-to-too-two-01,Katie Sanderson,2026-09-10T18:03:04Z,true,false,Katie Sanderson reviewed and copied this human decision.
1,v3-its-its-0224-to-too-two-01,TO_TOO_TWO,8719bb80580a4c7993a93a15d50ca3e84ad854e419b95253b1a141cd2e93cd45,VALID,,true,infinitive,governed_infinitive,[],non-gold-v3-its-its-0224-to-too-two-01,Katie Sanderson,2026-09-10T18:03:04Z,true,false,Katie Sanderson reviewed and copied this human decision.
1,v3-its-its-0228-to-too-two-01,TO_TOO_TWO,414921d175700bdc0081a82fc901d69757d2e735a4ee3012e05adf3a7da7ee61,VALID,,true,infinitive,governed_infinitive,[],non-gold-v3-its-its-0228-to-too-two-01,Katie Sanderson,2026-09-10T18:03:04Z,true,false,Katie Sanderson reviewed and copied this human decision.
1,v3-its-its-0228-to-too-two-02,TO_TOO_TWO,b1a698978176bffa359269f00edfe95592074f1e409f745f2180346906d755f7,VALID,,true,infinitive,governed_infinitive,[],non-gold-v3-its-its-0228-to-too-two-02,Katie Sanderson,2026-09-10T18:03:04Z,true,false,Katie Sanderson reviewed and copied this human decision.
1,v3-its-its-0228-to-too-two-03,TO_TOO_TWO,523752d9899fa61ffb2f018b68a19f2b20a5e3f515bd9c22eb3efcceadabccd1,VALID,,true,infinitive,governed_infinitive,[],non-gold-v3-its-its-0228-to-too-two-03,Katie Sanderson,2026-09-10T18:03:04Z,true,false,Katie Sanderson reviewed and copied this human decision.
1,v3-its-its-0229-to-too-two-01,TO_TOO_TWO,3527dd041a8c423df69b4085fe62d10f602c71d37d183bf1766077fd531336ec,VALID,,true,infinitive,governed_infinitive,[],non-gold-v3-its-its-0229-to-too-two-01,Katie Sanderson,2026-09-10T18:03:04Z,true,false,Katie Sanderson reviewed and copied this human decision.
1,v3-its-its-0229-to-too-two-02,TO_TOO_TWO,ca08d31e431b6830b447f08f08e9272bb7fcbb63ce8b890598f9c05b9a0ae5dc,VALID,,true,infinitive,governed_infinitive,[],non-gold-v3-its-its-0229-to-too-two-02,Katie Sanderson,2026-09-10T18:03:04Z,true,false,Katie Sanderson reviewed and copied this human decision.
1,v3-its-its-0230-to-too-two-01,TO_TOO_TWO,3ebe1b6f66564e6bea8eda08bb25d49f91a10a8f0b05cae17380e6b5a753d94a,VALID,,true,infinitive,governed_infinitive,[],non-gold-v3-its-its-0230-to-too-two-01,Katie Sanderson,2026-09-10T18:03:04Z,true,false,Katie Sanderson reviewed and copied this human decision.
1,v3-its-its-0230-to-too-two-02,TO_TOO_TWO,0c9ee99bcca373d4c44519ae3d3f98c2d1b033dce6f7197d306a4ccb96cf7776,VALID,,true,infinitive,governed_infinitive,[],non-gold-v3-its-its-0230-to-too-two-02,Katie Sanderson,2026-09-10T18:03:04Z,true,false,Katie Sanderson reviewed and copied this human decision.
1,v3-its-its-0232-to-too-two-01,TO_TOO_TWO,b8d1ce0bf4a5f410c4ab97df867187ac8bdd1645605d89737096757f9419e03a,VALID,,true,infinitive,governed_infinitive,[],non-gold-v3-its-its-0232-to-too-two-01,Katie Sanderson,2026-09-10T18:03:04Z,true,false,Katie Sanderson reviewed and copied this human decision.
1,v3-its-its-0233-to-too-two-01,TO_TOO_TWO,dff8901184af9c0ace92e46a744224cd2d74f84c732416518f74ea6d8eefbbbb,VALID,,true,infinitive,governed_infinitive,[],non-gold-v3-its-its-0233-to-too-two-01,Katie Sanderson,2026-09-10T18:03:04Z,true,false,Katie Sanderson reviewed and copied this human decision.
1,v3-its-its-0234-to-too-two-01,TO_TOO_TWO,fb2ab1f1faa836d98ec21477e5ccf3dc9a39ae7f6b2336ac15f66e201ad8e55e,VALID,,true,infinitive,governed_infinitive,[],non-gold-v3-its-its-0234-to-too-two-01,Katie Sanderson,2026-09-10T18:03:04Z,true,false,Katie Sanderson reviewed and copied this human decision.
1,v3-its-its-0235-to-too-two-01,TO_TOO_TWO,5e4023fba08fb28ef3808a5e3c5625501696b1ead929c36d40a6f3302899c673,VALID,,true,infinitive,governed_infinitive,[],non-gold-v3-its-its-0235-to-too-two-01,Katie Sanderson,2026-09-10T18:03:04Z,true,false,Katie Sanderson reviewed and copied this human decision.
1,v3-its-its-0235-to-too-two-02,TO_TOO_TWO,ca2ed208824cfaa67fc1304b91b6856ac8333e881b6af25f633e52ce0dd648ab,VALID,,true,infinitive,governed_infinitive,[],non-gold-v3-its-its-0235-to-too-two-02,Katie Sanderson,2026-09-10T18:03:04Z,true,false,Katie Sanderson reviewed and copied this human decision.
1,v3-its-its-0235-to-too-two-03,TO_TOO_TWO,87aca488fc382262e56377a45f9e05113437507395b31fe7d73f8044c5aa7136,VALID,,true,infinitive,governed_infinitive,[],non-gold-v3-its-its-0235-to-too-two-03,Katie Sanderson,2026-09-10T18:03:04Z,true,false,Katie Sanderson reviewed and copied this human decision.
1,v3-its-its-0237-to-too-two-01,TO_TOO_TWO,0ee32395494276c7e281d815099ef08b12cde1ec57ad4df5d78a8ee5786c7166,VALID,,true,infinitive,governed_infinitive,[],non-gold-v3-its-its-0237-to-too-two-01,Katie Sanderson,2026-09-10T18:03:04Z,true,false,Katie Sanderson reviewed and copied this human decision.
1,v3-its-its-0238-to-too-two-01,TO_TOO_TWO,d3414036fc58774a183ac9b6d68c27b5de3d6be2d4200ddf59889620b41b44cb,VALID,,true,infinitive,governed_infinitive,[],non-gold-v3-its-its-0238-to-too-two-01,Katie Sanderson,2026-09-10T18:03:04Z,true,false,Katie Sanderson reviewed and copied this human decision.
1,v3-its-its-0239-to-too-two-01,TO_TOO_TWO,72de996ef3324d4930b29ff6ef8e26314cca100a374cc271db515e11bf3adf08,VALID,,true,infinitive,governed_infinitive,[],non-gold-v3-its-its-0239-to-too-two-01,Katie Sanderson,2026-09-10T18:03:04Z,true,false,Katie Sanderson reviewed and copied this human decision.
1,v3-its-its-0239-to-too-two-02,TO_TOO_TWO,1a5d030b16c71ad46c13ced49c8ac46a18da9332c393221cf6d7db9109dfbfa5,VALID,,true,infinitive,governed_infinitive,[],non-gold-v3-its-its-0239-to-too-two-02,Katie Sanderson,2026-09-10T18:03:04Z,true,false,Katie Sanderson reviewed and copied this human decision.
1,v3-its-its-0240-to-too-two-01,TO_TOO_TWO,d81da6c6c2b05b7f8f6081dd25eb23d442ed348b9dde1d1b51325160e797b7d8,VALID,,true,infinitive,governed_infinitive,[],non-gold-v3-its-its-0240-to-too-two-01,Katie Sanderson,2026-09-10T18:03:04Z,true,false,Katie Sanderson reviewed and copied this human decision.
1,v3-its-its-0240-to-too-two-02,TO_TOO_TWO,fda8fa3b25b6779667b6b043e1bcb8ac38a34a89fce81167753213db58273e11,VALID,,true,infinitive,governed_infinitive,[],non-gold-v3-its-its-0240-to-too-two-02,Katie Sanderson,2026-09-10T18:03:04Z,true,false,Katie Sanderson reviewed and copied this human decision.
1,v3-its-its-0241-to-too-two-01,TO_TOO_TWO,a0ac1faed09d4071fd14c7bc9935111e9754079c81113b1d2dd669ffbbde4970,VALID,,true,infinitive,governed_infinitive,[],non-gold-v3-its-its-0241-to-too-two-01,Katie Sanderson,2026-09-10T18:03:04Z,true,false,Katie Sanderson reviewed and copied this human decision.
1,v3-its-its-0242-to-too-two-01,TO_TOO_TWO,878b982776acf3f907a92c985df7436c937d19b046decae5b2b1bf11116632c6,VALID,,true,infinitive,governed_infinitive,[],non-gold-v3-its-its-0242-to-too-two-01,Katie Sanderson,2026-09-10T18:03:04Z,true,false,Katie Sanderson reviewed and copied this human decision.
1,v3-its-its-0243-to-too-two-01,TO_TOO_TWO,3f4274cdb801b2d4f738d6099dd28b73002c100eafb22b16c98158c89fe8787d,VALID,,true,infinitive,governed_infinitive,[],non-gold-v3-its-its-0243-to-too-two-01,Katie Sanderson,2026-09-10T18:03:04Z,true,false,Katie Sanderson reviewed and copied this human decision.
1,v3-its-its-0243-to-too-two-02,TO_TOO_TWO,cc2d88aa5e783dd833bfada4981978d8640266be31569fe59fc47a151e87f657,VALID,,true,infinitive,governed_infinitive,[],non-gold-v3-its-its-0243-to-too-two-02,Katie Sanderson,2026-09-10T18:03:04Z,true,false,Katie Sanderson reviewed and copied this human decision.
1,v3-its-its-0243-to-too-two-03,TO_TOO_TWO,f207b7fba989abd266b34c86b0a24eab8a2267382b27857fdd1595c3ac74d61c,VALID,,true,infinitive,governed_infinitive,[],non-gold-v3-its-its-0243-to-too-two-03,Katie Sanderson,2026-09-10T18:03:04Z,true,false,Katie Sanderson reviewed and copied this human decision.
1,v3-its-its-0244-to-too-two-01,TO_TOO_TWO,4f943fef319ee91ce28d5b9e9ea2721b7eb2791b5b1f52ad64b8bd6c519fab40,VALID,,true,infinitive,governed_infinitive,[],non-gold-v3-its-its-0244-to-too-two-01,Katie Sanderson,2026-09-10T18:03:04Z,true,false,Katie Sanderson reviewed and copied this human decision.
1,v3-its-its-0244-to-too-two-02,TO_TOO_TWO,5dbb531b32c2381ae5620c58da90cbb5ef2e41ceffc9de41b0a6ac40cf800cd5,VALID,,true,infinitive,governed_infinitive,[],non-gold-v3-its-its-0244-to-too-two-02,Katie Sanderson,2026-09-10T18:03:04Z,true,false,Katie Sanderson reviewed and copied this human decision.
1,v3-its-its-0245-to-too-two-01,TO_TOO_TWO,31a2af7429187019afa366776c43ad103f4e5b4b91279ff7f1740febc08b647e,VALID,,true,infinitive,governed_infinitive,[],non-gold-v3-its-its-0245-to-too-two-01,Katie Sanderson,2026-09-10T18:03:04Z,true,false,Katie Sanderson reviewed and copied this human decision.
1,v3-its-its-0245-to-too-two-02,TO_TOO_TWO,f097be3d589212ebab97282c1e43603efacb6d036b663366ff62e2a504ffb509,VALID,,true,infinitive,governed_infinitive,[],non-gold-v3-its-its-0245-to-too-two-02,Katie Sanderson,2026-09-10T18:03:04Z,true,false,Katie Sanderson reviewed and copied this human decision.
1,v3-its-its-0246-to-too-two-01,TO_TOO_TWO,1daf4d9090c03e7ea2232511732cd94424eba9fa1d32b17b309850960633d6d2,VALID,,true,infinitive,governed_infinitive,[],non-gold-v3-its-its-0246-to-too-two-01,Katie Sanderson,2026-09-10T18:03:04Z,true,false,Katie Sanderson reviewed and copied this human decision.
1,v3-its-its-0246-to-too-two-02,TO_TOO_TWO,cc39829227eff614e408a4d9d57fb10fa1e2536e81cee28bc3b0834cad63d8ef,VALID,,true,infinitive,governed_infinitive,[],non-gold-v3-its-its-0246-to-too-two-02,Katie Sanderson,2026-09-10T18:03:04Z,true,false,Katie Sanderson reviewed and copied this human decision.
1,v3-its-its-0247-to-too-two-01,TO_TOO_TWO,e3675965c0cee7a289489a5a0d6cef05c49350840e520c1b1b54198a32d18cd7,VALID,,true,infinitive,governed_infinitive,[],non-gold-v3-its-its-0247-to-too-two-01,Katie Sanderson,2026-09-10T18:03:04Z,true,false,Katie Sanderson reviewed and copied this human decision.
1,v3-its-its-0249-to-too-two-01,TO_TOO_TWO,f8321d6f5407d900bceebac3f47b546aac57297a0124f59cfb858ee6e2a533c6,VALID,,true,infinitive,governed_infinitive,[],non-gold-v3-its-its-0249-to-too-two-01,Katie Sanderson,2026-09-10T18:03:04Z,true,false,Katie Sanderson reviewed and copied this human decision.
1,v3-its-its-0250-to-too-two-01,TO_TOO_TWO,27be8d82e8a96f65ff2fa63e3385c1a3068baca12a3f62105d2c58a3b2b47e2b,VALID,,true,infinitive,governed_infinitive,[],non-gold-v3-its-its-0250-to-too-two-01,Katie Sanderson,2026-09-10T18:03:04Z,true,false,Katie Sanderson reviewed and copied this human decision.
1,v3-its-its-0253-to-too-two-01,TO_TOO_TWO,09626277fa6f5653845c13515e629310d90d87f7d056f7e317360ee6b3cc73b7,VALID,,true,infinitive,governed_infinitive,[],non-gold-v3-its-its-0253-to-too-two-01,Katie Sanderson,2026-09-10T18:03:04Z,true,false,Katie Sanderson reviewed and copied this human decision.
1,v3-its-its-0254-to-too-two-01,TO_TOO_TWO,eaa0eee93c4b5a191d7a71cf7013556094f2cc4aa1fba719f3e00a201a05a82a,VALID,,true,infinitive,governed_infinitive,[],non-gold-v3-its-its-0254-to-too-two-01,Katie Sanderson,2026-09-10T18:03:04Z,true,false,Katie Sanderson reviewed and copied this human decision.
1,v3-its-its-0255-to-too-two-01,TO_TOO_TWO,e27d66dbfcbe03982eac62e0b886bcae9f513ad08b7b9c0e871e604d0646a734,VALID,,true,infinitive,governed_infinitive,[],non-gold-v3-its-its-0255-to-too-two-01,Katie Sanderson,2026-09-10T18:03:04Z,true,false,Katie Sanderson reviewed and copied this human decision.
1,v3-its-its-0256-to-too-two-01,TO_TOO_TWO,44f7c1087665505e1929dc53540aa593c75a79c44739eee09b51274cc0f3060a,VALID,,true,infinitive,governed_infinitive,[],non-gold-v3-its-its-0256-to-too-two-01,Katie Sanderson,2026-09-10T18:03:04Z,true,false,Katie Sanderson reviewed and copied this human decision.
1,v3-its-its-0257-to-too-two-01,TO_TOO_TWO,a133f8deda06411be01ae5726b2392ce194183eef2387daea8c793f32b7e79f3,VALID,,true,infinitive,governed_infinitive,[],non-gold-v3-its-its-0257-to-too-two-01,Katie Sanderson,2026-09-10T18:03:04Z,true,false,Katie Sanderson reviewed and copied this human decision.
1,v3-its-its-0257-to-too-two-02,TO_TOO_TWO,ac5175966513f10cb7d79e49dead03059179b0fbac1fbb599f4a13a36ee7b739,VALID,,true,infinitive,governed_infinitive,[],non-gold-v3-its-its-0257-to-too-two-02,Katie Sanderson,2026-09-10T18:03:04Z,true,false,Katie Sanderson reviewed and copied this human decision.
1,v3-its-its-0258-to-too-two-01,TO_TOO_TWO,45b04c20d467d9071c00c16fd8d1a227756b0ec409e2c8ffed3ee4046a5f6806,VALID,,true,infinitive,governed_infinitive,[],non-gold-v3-its-its-0258-to-too-two-01,Katie Sanderson,2026-09-10T18:03:04Z,true,false,Katie Sanderson reviewed and copied this human decision.
1,v3-its-its-0258-to-too-two-02,TO_TOO_TWO,a1bf53e971a47c7054c6e4c8325de53c2080f6e57a5bf386f436e5859fda2f65,VALID,,true,infinitive,governed_infinitive,[],non-gold-v3-its-its-0258-to-too-two-02,Katie Sanderson,2026-09-10T18:03:04Z,true,false,Katie Sanderson reviewed and copied this human decision.
1,v3-its-its-0259-to-too-two-01,TO_TOO_TWO,7cd269b347b7cfa0c283bcc50bd0e4087fb927ccc47d43302939059851caa30e,VALID,,true,infinitive,governed_infinitive,[],non-gold-v3-its-its-0259-to-too-two-01,Katie Sanderson,2026-09-10T18:03:04Z,true,false,Katie Sanderson reviewed and copied this human decision.
1,v3-its-its-0260-to-too-two-01,TO_TOO_TWO,798747fa3a72eb151e12ec81f90992317986ffe31d87f6a1ed7af9f75541db09,VALID,,true,infinitive,governed_infinitive,[],non-gold-v3-its-its-0260-to-too-two-01,Katie Sanderson,2026-09-10T18:03:04Z,true,false,Katie Sanderson reviewed and copied this human decision.
1,v3-its-its-0260-to-too-two-02,TO_TOO_TWO,bf12a0367bc9faad8de51459cf3052afb8885d742e02b7fa78f18bc9faa2acaa,VALID,,true,infinitive,governed_infinitive,[],non-gold-v3-its-its-0260-to-too-two-02,Katie Sanderson,2026-09-10T18:03:04Z,true,false,Katie Sanderson reviewed and copied this human decision.
1,v3-its-its-0261-to-too-two-01,TO_TOO_TWO,2b2e6f3497a3086d392ef6c23344255aaa7a7c9cc5e0c6f46a53d803a820ac4d,VALID,,true,infinitive,governed_infinitive,[],non-gold-v3-its-its-0261-to-too-two-01,Katie Sanderson,2026-09-10T18:03:04Z,true,false,Katie Sanderson reviewed and copied this human decision.
1,v3-its-its-0264-to-too-two-01,TO_TOO_TWO,924c5ed53c761dde856dc3fdff0b692327268a7d01b596caf434d0c96dc2f1f0,VALID,,true,preposition,destination_or_recipient_preposition,[],non-gold-v3-its-its-0264-to-too-two-01,Katie Sanderson,2026-09-10T18:03:04Z,true,false,Katie Sanderson reviewed and copied this human decision.
1,v3-its-its-0273-to-too-two-01,TO_TOO_TWO,9101f3852c0cfee4ae09a5f7cf2a502461ec3aa1a28fec546e6418183a57a3e5,VALID,,true,infinitive,governed_infinitive,[],non-gold-v3-its-its-0273-to-too-two-01,Katie Sanderson,2026-09-10T18:03:04Z,true,false,Katie Sanderson reviewed and copied this human decision.
1,v3-its-its-0278-to-too-two-01,TO_TOO_TWO,d073582fad6ffa8890b8bce955eb052614f3a4f68f8f19c2bb19877b440ad3c8,VALID,,true,preposition,destination_or_recipient_preposition,[],non-gold-v3-its-its-0278-to-too-two-01,Katie Sanderson,2026-09-10T18:03:04Z,true,false,Katie Sanderson reviewed and copied this human decision.
1,v3-its-its-0280-to-too-two-01,TO_TOO_TWO,aa5acf0d8ebae805396d3882abc1ae32715326652831bf7590180efef484146d,VALID,,true,preposition,destination_or_recipient_preposition,[],non-gold-v3-its-its-0280-to-too-two-01,Katie Sanderson,2026-09-10T18:03:04Z,true,false,Katie Sanderson reviewed and copied this human decision.
1,v3-its-its-0282-to-too-two-01,TO_TOO_TWO,cdb0548ab133fda9046d5cd0a77b740a34726570e9f78b80290d27efc448d8f5,VALID,,true,preposition,destination_or_recipient_preposition,[],non-gold-v3-its-its-0282-to-too-two-01,Katie Sanderson,2026-09-10T18:03:04Z,true,false,Katie Sanderson reviewed and copied this human decision.
1,v3-its-its-0282-to-too-two-02,TO_TOO_TWO,041d8050af77fe44d99e9a15bd583dbe9c276ecfeb5574062c25acfa6cf93e13,VALID,,true,infinitive,governed_infinitive,[],non-gold-v3-its-its-0282-to-too-two-02,Katie Sanderson,2026-09-10T18:03:04Z,true,false,Katie Sanderson reviewed and copied this human decision.
1,v3-its-its-0283-to-too-two-01,TO_TOO_TWO,b641dbf4d04feee182f6a8432ed80c30f92e8c7034cff4688f247b95d340f0cb,VALID,,true,preposition,destination_or_recipient_preposition,[],non-gold-v3-its-its-0283-to-too-two-01,Katie Sanderson,2026-09-10T18:03:04Z,true,false,Katie Sanderson reviewed and copied this human decision.
1,v3-its-its-0283-to-too-two-02,TO_TOO_TWO,28fc61fa75388144c098e4224afe2b1b3acaf509cc17afe0c007a82ddbe56e14,VALID,,true,infinitive,governed_infinitive,[],non-gold-v3-its-its-0283-to-too-two-02,Katie Sanderson,2026-09-10T18:03:04Z,true,false,Katie Sanderson reviewed and copied this human decision.
1,v3-its-its-0286-to-too-two-01,TO_TOO_TWO,5eb5cc28ca2eee77319c52db1c960b633d825717ad4808c8e7ed1f54d070022d,VALID,,true,infinitive,governed_infinitive,[],non-gold-v3-its-its-0286-to-too-two-01,Katie Sanderson,2026-09-10T18:03:04Z,true,false,Katie Sanderson reviewed and copied this human decision.
1,v3-its-its-0290-to-too-two-01,TO_TOO_TWO,781778f18a65fb04ceb98a6dac0c98e9e8229e0ccc3956dc07c280c76ef63921,VALID,,true,infinitive,governed_infinitive,[],non-gold-v3-its-its-0290-to-too-two-01,Katie Sanderson,2026-09-10T18:03:04Z,true,false,Katie Sanderson reviewed and copied this human decision.
1,v3-its-its-0292-to-too-two-01,TO_TOO_TWO,7e3b9194b411a0d875c9807a07a723de4b7aa8089577519a8c6d86b17a9c8ff1,VALID,,true,infinitive,governed_infinitive,[],non-gold-v3-its-its-0292-to-too-two-01,Katie Sanderson,2026-09-10T18:03:04Z,true,false,Katie Sanderson reviewed and copied this human decision.
1,v3-its-its-0293-to-too-two-01,TO_TOO_TWO,794bbd80be343aefa1fe2bfef2bbfd26f033169c6561719f2d628ef3410c6d4c,VALID,,true,infinitive,governed_infinitive,[],non-gold-v3-its-its-0293-to-too-two-01,Katie Sanderson,2026-09-10T18:03:04Z,true,false,Katie Sanderson reviewed and copied this human decision.
1,v3-its-its-0294-to-too-two-01,TO_TOO_TWO,f885b55e85da031675d2af049d9107af5819e35aa100a5f1b0eb38296eac90da,VALID,,true,infinitive,governed_infinitive,[],non-gold-v3-its-its-0294-to-too-two-01,Katie Sanderson,2026-09-10T18:03:04Z,true,false,Katie Sanderson reviewed and copied this human decision.
1,v3-its-its-0299-to-too-two-01,TO_TOO_TWO,9b9dd86e7f005882c6a3b8261a9e8fba5e45b89c4fbad9d3e97466274b5e21ca,VALID,,true,infinitive,governed_infinitive,[],non-gold-v3-its-its-0299-to-too-two-01,Katie Sanderson,2026-09-10T18:03:04Z,true,false,Katie Sanderson reviewed and copied this human decision.
1,v3-its-its-0299-to-too-two-02,TO_TOO_TWO,55b96db326eededbe7b5a79342c68070dd047a850068aebb3420d2ab7eda13c4,VALID,,true,infinitive,governed_infinitive,[],non-gold-v3-its-its-0299-to-too-two-02,Katie Sanderson,2026-09-10T18:03:04Z,true,false,Katie Sanderson reviewed and copied this human decision.
1,v3-its-its-0321-to-too-two-01,TO_TOO_TWO,a9b588eb65833212f04c9a7f7846104403bc13fa2c569eb2149c42380a9a07af,VALID,,true,infinitive,governed_infinitive,[],non-gold-v3-its-its-0321-to-too-two-01,Katie Sanderson,2026-09-10T18:03:04Z,true,false,Katie Sanderson reviewed and copied this human decision.
1,v3-its-its-0323-to-too-two-01,TO_TOO_TWO,077674654b1418beb0bcd00ee83a8a0f61a72a748174dad3876317a833691754,VALID,,true,infinitive,governed_infinitive,[],non-gold-v3-its-its-0323-to-too-two-01,Katie Sanderson,2026-09-10T18:03:04Z,true,false,Katie Sanderson reviewed and copied this human decision.
1,v3-its-its-0324-to-too-two-01,TO_TOO_TWO,b4abaa8de19acdea9aa81aef6854d85c9287780d2dedf3cf1ac11a3572d76997,VALID,,true,infinitive,governed_infinitive,[],non-gold-v3-its-its-0324-to-too-two-01,Katie Sanderson,2026-09-10T18:03:04Z,true,false,Katie Sanderson reviewed and copied this human decision.
1,v3-its-its-0326-to-too-two-01,TO_TOO_TWO,53dceb45c798093fcbaec2ccda977038ec87592a97db498e389bf100336e3794,VALID,,true,infinitive,governed_infinitive,[],non-gold-v3-its-its-0326-to-too-two-01,Katie Sanderson,2026-09-10T18:03:04Z,true,false,Katie Sanderson reviewed and copied this human decision.
1,v3-its-its-0329-to-too-two-01,TO_TOO_TWO,ce52a2e1a16781260a4a7072d4dc8d55f36c91287f9c8bc5fb4354dc1dcb88d9,VALID,,true,infinitive,governed_infinitive,[],non-gold-v3-its-its-0329-to-too-two-01,Katie Sanderson,2026-09-10T18:03:04Z,true,false,Katie Sanderson reviewed and copied this human decision.
1,v3-its-its-0331-to-too-two-01,TO_TOO_TWO,dfc2cdf043957a99d52e593db07d4703e217b004584271c8a93a97ea1288f4e6,VALID,,true,infinitive,governed_infinitive,[],non-gold-v3-its-its-0331-to-too-two-01,Katie Sanderson,2026-09-10T18:03:04Z,true,false,Katie Sanderson reviewed and copied this human decision.
1,v3-its-its-0332-to-too-two-01,TO_TOO_TWO,42129c1209657d4df69d2a61897f13d91af332ecaa10e34c165ebc5dcf29d665,VALID,,true,infinitive,governed_infinitive,[],non-gold-v3-its-its-0332-to-too-two-01,Katie Sanderson,2026-09-10T18:03:04Z,true,false,Katie Sanderson reviewed and copied this human decision.
1,v3-its-its-0333-to-too-two-01,TO_TOO_TWO,1d6309c07bde94a3327633474a779796e4437be5a69e46600bd727dae5c97bd0,VALID,,true,infinitive,governed_infinitive,[],non-gold-v3-its-its-0333-to-too-two-01,Katie Sanderson,2026-09-10T18:03:04Z,true,false,Katie Sanderson reviewed and copied this human decision.
1,v3-its-its-0334-to-too-two-01,TO_TOO_TWO,e106239d73bd6767206591083e1c944064ba392f7506e492245331fcc104fd99,VALID,,true,infinitive,governed_infinitive,[],non-gold-v3-its-its-0334-to-too-two-01,Katie Sanderson,2026-09-10T18:03:04Z,true,false,Katie Sanderson reviewed and copied this human decision.
1,v3-its-its-0336-to-too-two-01,TO_TOO_TWO,a7a0f2ea0a9d841e557ccaf22d330000952f5a985bc39ac91cc23f4404cc9d83,VALID,,true,infinitive,governed_infinitive,[],non-gold-v3-its-its-0336-to-too-two-01,Katie Sanderson,2026-09-10T18:03:04Z,true,false,Katie Sanderson reviewed and copied this human decision.
1,v3-its-its-0343-to-too-two-01,TO_TOO_TWO,bbd90c95f1cb454b3908ba6a45c2a71600866425a45886af4b095113013acfaf,VALID,,true,infinitive,governed_infinitive,[],non-gold-v3-its-its-0343-to-too-two-01,Katie Sanderson,2026-09-10T18:03:04Z,true,false,Katie Sanderson reviewed and copied this human decision.
1,v3-its-its-0344-to-too-two-01,TO_TOO_TWO,0de08af684f1327dce4f632f7b4fa0dd214977e102b8583ef8f554c7bfc2d02a,VALID,,true,infinitive,governed_infinitive,[],non-gold-v3-its-its-0344-to-too-two-01,Katie Sanderson,2026-09-10T18:03:04Z,true,false,Katie Sanderson reviewed and copied this human decision.
1,v3-its-its-0346-to-too-two-01,TO_TOO_TWO,171fa5c52c760fb346fca5f6db90d382f9004137053576851d0f5ab2efbaa750,VALID,,true,infinitive,governed_infinitive,[],non-gold-v3-its-its-0346-to-too-two-01,Katie Sanderson,2026-09-10T18:03:04Z,true,false,Katie Sanderson reviewed and copied this human decision.
1,v3-its-its-0353-to-too-two-01,TO_TOO_TWO,83355b3e93106046b10161c524a00826458dafc52c939156b5cdbec70b8a5da5,VALID,,true,infinitive,governed_infinitive,[],non-gold-v3-its-its-0353-to-too-two-01,Katie Sanderson,2026-09-10T18:03:04Z,true,false,Katie Sanderson reviewed and copied this human decision.
1,v3-its-its-0354-to-too-two-01,TO_TOO_TWO,a23565ef6520a4d2443c6608c577757f80a3fe117040a8bc4956d3098326cb93,VALID,,true,infinitive,governed_infinitive,[],non-gold-v3-its-its-0354-to-too-two-01,Katie Sanderson,2026-09-10T18:03:04Z,true,false,Katie Sanderson reviewed and copied this human decision.
1,v3-its-its-0356-to-too-two-01,TO_TOO_TWO,9ac378bd2fe33dde2260975e5e54c93b183cd0395f9be4ea4361bcbaeaf67b6b,VALID,,true,infinitive,governed_infinitive,[],non-gold-v3-its-its-0356-to-too-two-01,Katie Sanderson,2026-09-10T18:03:04Z,true,false,Katie Sanderson reviewed and copied this human decision.
1,v3-its-its-0361-to-too-two-01,TO_TOO_TWO,0031e2f9f96f414b7ecdb24c926a16ad620ab3659f244ad91fa96e188f5c2898,VALID,,true,preposition,destination_or_recipient_preposition,"[""run_on""]",non-gold-v3-its-its-0361-to-too-two-01,Katie Sanderson,2026-09-10T18:03:04Z,true,false,Katie Sanderson reviewed and copied this human decision.
1,v3-its-its-0362-to-too-two-01,TO_TOO_TWO,adf7031cee47fb9551910a3ae4ef69d5e02aecdd11fade73cdb59ac5dce1cc80,VALID,,true,preposition,destination_or_recipient_preposition,"[""run_on""]",non-gold-v3-its-its-0362-to-too-two-01,Katie Sanderson,2026-09-10T18:03:04Z,true,false,Katie Sanderson reviewed and copied this human decision.
1,v3-its-its-0366-to-too-two-01,TO_TOO_TWO,7495862d9ebb2ef1cd0eaece479726b09d6ba5429c30898477a6184522321587,VALID,,true,preposition,destination_or_recipient_preposition,"[""run_on""]",non-gold-v3-its-its-0366-to-too-two-01,Katie Sanderson,2026-09-10T18:03:04Z,true,false,Katie Sanderson reviewed and copied this human decision.
1,v3-its-its-0368-to-too-two-01,TO_TOO_TWO,5421143949e1f38a993ef2da62d603991e26cf49dc2dbbf3673b3ced57ec9a68,VALID,,true,preposition,destination_or_recipient_preposition,"[""run_on""]",non-gold-v3-its-its-0368-to-too-two-01,Katie Sanderson,2026-09-10T18:03:04Z,true,false,Katie Sanderson reviewed and copied this human decision.
1,v3-its-its-0369-to-too-two-01,TO_TOO_TWO,1720be9bbf9c33c2ce6d3f672feeb3125d5640b7b79a2f0ae31f4058fd1c992d,VALID,,true,preposition,destination_or_recipient_preposition,"[""run_on""]",non-gold-v3-its-its-0369-to-too-two-01,Katie Sanderson,2026-09-10T18:03:04Z,true,false,Katie Sanderson reviewed and copied this human decision.
1,v3-its-its-0370-to-too-two-01,TO_TOO_TWO,fe9ff681bd677bf559d4f121eead8e44cacfce77021c7f390e218e0a4d914987,VALID,,true,preposition,destination_or_recipient_preposition,"[""run_on""]",non-gold-v3-its-its-0370-to-too-two-01,Katie Sanderson,2026-09-10T18:03:04Z,true,false,Katie Sanderson reviewed and copied this human decision.
1,v3-its-its-0374-to-too-two-01,TO_TOO_TWO,1763a931fb75ebe8ac011f83649079ee3919b0f7adcd0494df5849813aedcf33,VALID,,true,preposition,destination_or_recipient_preposition,"[""run_on""]",non-gold-v3-its-its-0374-to-too-two-01,Katie Sanderson,2026-09-10T18:03:04Z,true,false,Katie Sanderson reviewed and copied this human decision.
1,v3-its-its-0375-to-too-two-01,TO_TOO_TWO,8d9a7eef24a8efb2527c6587a6da919450e42f13be73fd6ba34119ecf2a2a51d,VALID,,true,preposition,destination_or_recipient_preposition,"[""run_on""]",non-gold-v3-its-its-0375-to-too-two-01,Katie Sanderson,2026-09-10T18:03:04Z,true,false,Katie Sanderson reviewed and copied this human decision.
1,v3-its-its-0377-to-too-two-01,TO_TOO_TWO,6220555844070b68b63744ea91c6f77b45f6d03ba73450c054a24bc4688a8a6f,VALID,,true,preposition,destination_or_recipient_preposition,"[""run_on""]",non-gold-v3-its-its-0377-to-too-two-01,Katie Sanderson,2026-09-10T18:03:04Z,true,false,Katie Sanderson reviewed and copied this human decision.
1,v3-its-its-0378-to-too-two-01,TO_TOO_TWO,f251c89e207d2860653c53bb7ac10c1dfb3ca249660b6e011bad19fb30440142,VALID,,true,preposition,destination_or_recipient_preposition,"[""run_on""]",non-gold-v3-its-its-0378-to-too-two-01,Katie Sanderson,2026-09-10T18:03:04Z,true,false,Katie Sanderson reviewed and copied this human decision.
1,v3-its-its-0379-to-too-two-01,TO_TOO_TWO,8b638e901c77be6c7dddf8df4c908ce22809200ed348019f78dd370b35b7c559,VALID,,true,preposition,destination_or_recipient_preposition,"[""run_on""]",non-gold-v3-its-its-0379-to-too-two-01,Katie Sanderson,2026-09-10T18:03:04Z,true,false,Katie Sanderson reviewed and copied this human decision.
1,v3-its-its-0380-to-too-two-01,TO_TOO_TWO,533c080f12afc1acb47df28cebc2f030a5dbc0d9c894d0271bda30760515cde0,VALID,,true,preposition,destination_or_recipient_preposition,"[""run_on""]",non-gold-v3-its-its-0380-to-too-two-01,Katie Sanderson,2026-09-10T18:03:04Z,true,false,Katie Sanderson reviewed and copied this human decision.
1,v3-its-its-0381-to-too-two-01,TO_TOO_TWO,41ff05fe0515d9c1f20b13290cf4ab46d504c19598cbe6b15e321d26748ef97b,VALID,,true,infinitive,governed_infinitive,[],non-gold-v3-its-its-0381-to-too-two-01,Katie Sanderson,2026-09-10T18:03:04Z,true,false,Katie Sanderson reviewed and copied this human decision.
1,v3-its-its-0381-to-too-two-02,TO_TOO_TWO,b35d5f9350018e77b61f3edcc675c67cc3edf0052ca0fe64db508e48f64d61c0,VALID,,true,numeral,ordinary_count_numeral,[],non-gold-v3-its-its-0381-to-too-two-02,Katie Sanderson,2026-09-10T18:03:04Z,true,false,Katie Sanderson reviewed and copied this human decision.
1,v3-its-its-0382-to-too-two-01,TO_TOO_TWO,ab2ed79000dfda5565cbfb94a017cae1edc81a962082ca325b41cbbff461db14,VALID,,false,not_applicable,not_applicable,[],non-gold-v3-its-its-0382-to-too-two-01,Katie Sanderson,2026-09-10T18:03:04Z,true,false,Katie Sanderson reviewed and copied this human decision.
1,v3-its-its-0383-to-too-two-01,TO_TOO_TWO,555845cee45d68c13eb9b979633f100e69f640d9008e9a62f13c6fe966c1c747,VALID,,true,infinitive,governed_infinitive,[],non-gold-v3-its-its-0383-to-too-two-01,Katie Sanderson,2026-09-10T18:03:04Z,true,false,Katie Sanderson reviewed and copied this human decision.
1,v3-its-its-0383-to-too-two-02,TO_TOO_TWO,1b57d4b8d9def64ac95328aee3412aed74fa0622a405394a6909195e7417885d,VALID,,true,numeral,ordinary_count_numeral,[],non-gold-v3-its-its-0383-to-too-two-02,Katie Sanderson,2026-09-10T18:03:04Z,true,false,Katie Sanderson reviewed and copied this human decision.
1,v3-its-its-0384-to-too-two-01,TO_TOO_TWO,d9b2c3a6af1ecf50dfd21360bc5e439485089f0cc0eee7c39cc803cb2d6ddc9b,VALID,,true,infinitive,governed_infinitive,[],non-gold-v3-its-its-0384-to-too-two-01,Katie Sanderson,2026-09-10T18:03:04Z,true,false,Katie Sanderson reviewed and copied this human decision.
1,v3-its-its-0384-to-too-two-02,TO_TOO_TWO,3c4731db48355e02d2806e740c5909df479902721a9071213f60ee1eca23b44c,VALID,,true,numeral,ordinary_count_numeral,[],non-gold-v3-its-its-0384-to-too-two-02,Katie Sanderson,2026-09-10T18:03:04Z,true,false,Katie Sanderson reviewed and copied this human decision.
1,v3-its-its-0385-to-too-two-01,TO_TOO_TWO,db3312a4be0d84831236551b526ee3fa496ecf08a14eba5572c0629067b86b11,VALID,,true,infinitive,governed_infinitive,[],non-gold-v3-its-its-0385-to-too-two-01,Katie Sanderson,2026-09-10T18:03:04Z,true,false,Katie Sanderson reviewed and copied this human decision.
1,v3-its-its-0385-to-too-two-02,TO_TOO_TWO,7a295be1fe2b86b9f0d45177f46399029f8c03b69424355c9b06f6d0c7ef7304,VALID,,true,numeral,ordinary_count_numeral,[],non-gold-v3-its-its-0385-to-too-two-02,Katie Sanderson,2026-09-10T18:03:04Z,true,false,Katie Sanderson reviewed and copied this human decision.
1,v3-its-its-0386-to-too-two-01,TO_TOO_TWO,fca3e1726ae6aedc3241bc150ddcde0cb73198bb92cb132bb1e7b44ee7f177b0,VALID,,false,not_applicable,not_applicable,[],non-gold-v3-its-its-0386-to-too-two-01,Katie Sanderson,2026-09-10T18:03:04Z,true,false,Katie Sanderson reviewed and copied this human decision.
1,v3-its-its-0387-to-too-two-01,TO_TOO_TWO,81fbb8702a5b47cfa46a503e54fce90b783c8582c85d0392dc46fd66759242ed,VALID,,false,not_applicable,not_applicable,[],non-gold-v3-its-its-0387-to-too-two-01,Katie Sanderson,2026-09-10T18:03:04Z,true,false,Katie Sanderson reviewed and copied this human decision.
1,v3-its-its-0389-to-too-two-01,TO_TOO_TWO,77bcca23d8eea4c048c7dea882914594e198e6cd6d0ff9a19d83a100cbe473b7,VALID,,false,not_applicable,not_applicable,[],non-gold-v3-its-its-0389-to-too-two-01,Katie Sanderson,2026-09-10T18:03:04Z,true,false,Katie Sanderson reviewed and copied this human decision.
1,v3-its-its-0391-to-too-two-01,TO_TOO_TWO,36a6966c7c80fce0671af01fa696a4ea120bca1f965ca508845ca51b12ac0c6f,VALID,,true,infinitive,governed_infinitive,[],non-gold-v3-its-its-0391-to-too-two-01,Katie Sanderson,2026-09-10T18:03:04Z,true,false,Katie Sanderson reviewed and copied this human decision.
1,v3-its-its-0391-to-too-two-02,TO_TOO_TWO,f54886496658a9d9bdd6020713ca090b0470f4c9be5cba70cf0d431b3540af7f,VALID,,true,numeral,ordinary_count_numeral,[],non-gold-v3-its-its-0391-to-too-two-02,Katie Sanderson,2026-09-10T18:03:04Z,true,false,Katie Sanderson reviewed and copied this human decision.
1,v3-its-its-0392-to-too-two-01,TO_TOO_TWO,6381347bc03313704f18e2624c6568a8e4773d9347a314e7490a799b404c6e42,VALID,,false,not_applicable,not_applicable,[],non-gold-v3-its-its-0392-to-too-two-01,Katie Sanderson,2026-09-10T18:03:04Z,true,false,Katie Sanderson reviewed and copied this human decision.
1,v3-its-its-0393-to-too-two-01,TO_TOO_TWO,20351415e0751dbcdde6f3133362e8f6f526896e7c40bc36cac420ffe11643c7,VALID,,true,infinitive,governed_infinitive,[],non-gold-v3-its-its-0393-to-too-two-01,Katie Sanderson,2026-09-10T18:03:04Z,true,false,Katie Sanderson reviewed and copied this human decision.
1,v3-its-its-0393-to-too-two-02,TO_TOO_TWO,a13d719ff3ac4ccc0c3985acc103be7bdb76176835f2c51674d7de4da1a549b1,VALID,,true,numeral,ordinary_count_numeral,[],non-gold-v3-its-its-0393-to-too-two-02,Katie Sanderson,2026-09-10T18:03:04Z,true,false,Katie Sanderson reviewed and copied this human decision.
1,v3-its-its-0394-to-too-two-01,TO_TOO_TWO,688ec9d0e61601cdd96441bbfe9cf1a9514715dba482bee8734c0589fe7d4eb9,VALID,,false,not_applicable,not_applicable,[],non-gold-v3-its-its-0394-to-too-two-01,Katie Sanderson,2026-09-10T18:03:04Z,true,false,Katie Sanderson reviewed and copied this human decision.
1,v3-its-its-0395-to-too-two-01,TO_TOO_TWO,eadf070125f6df046d97c57d8e6c97f6a966a195741b6cae74b753f324a13dc5,VALID,,false,not_applicable,not_applicable,[],non-gold-v3-its-its-0395-to-too-two-01,Katie Sanderson,2026-09-10T18:03:04Z,true,false,Katie Sanderson reviewed and copied this human decision.
1,v3-its-its-0396-to-too-two-01,TO_TOO_TWO,efc7ae6569c050cdf0260b66a29febcd5beab8d31adb8553715c91bf5af349e2,VALID,,false,not_applicable,not_applicable,[],non-gold-v3-its-its-0396-to-too-two-01,Katie Sanderson,2026-09-10T18:03:04Z,true,false,Katie Sanderson reviewed and copied this human decision.
1,v3-its-its-0397-to-too-two-01,TO_TOO_TWO,068c3a2bd9624745fa190673e6cdaf230125b85d31fd556e74e698c328bd12fe,VALID,,true,infinitive,governed_infinitive,[],non-gold-v3-its-its-0397-to-too-two-01,Katie Sanderson,2026-09-10T18:03:04Z,true,false,Katie Sanderson reviewed and copied this human decision.
1,v3-its-its-0397-to-too-two-02,TO_TOO_TWO,5f5662140cc2e93d39997f97a92142531964eaa5a879cf873d39598f373377b5,VALID,,true,numeral,ordinary_count_numeral,[],non-gold-v3-its-its-0397-to-too-two-02,Katie Sanderson,2026-09-10T18:03:04Z,true,false,Katie Sanderson reviewed and copied this human decision.
1,v3-its-its-0398-to-too-two-01,TO_TOO_TWO,cc9daf4cb264eafbba28e79f2854db23a49c5eb954b22b9351262932804ca538,VALID,,false,not_applicable,not_applicable,[],non-gold-v3-its-its-0398-to-too-two-01,Katie Sanderson,2026-09-10T18:03:04Z,true,false,Katie Sanderson reviewed and copied this human decision.
1,v3-its-its-0399-to-too-two-01,TO_TOO_TWO,786be8c5800750a54e85f9e15171d7936303098e746cf0fe2e8e708b9e7939eb,VALID,,false,not_applicable,not_applicable,[],non-gold-v3-its-its-0399-to-too-two-01,Katie Sanderson,2026-09-10T18:03:04Z,true,false,Katie Sanderson reviewed and copied this human decision.
1,v3-its-its-0400-to-too-two-01,TO_TOO_TWO,d43efca9dda61b052e73532082960ca6e69b96dd98a891572199a01a4179f077,VALID,,false,not_applicable,not_applicable,[],non-gold-v3-its-its-0400-to-too-two-01,Katie Sanderson,2026-09-10T18:03:04Z,true,false,Katie Sanderson reviewed and copied this human decision.
1,v3-to-too-two-0001-to-too-two-01,TO_TOO_TWO,a97399b9974ec9b67e242a7f66dfce0b301d016e9bd62cfd5b2f17b2582bd1ee,VALID,,true,preposition,destination_or_recipient_preposition,[],non-gold-v3-to-too-two-0001-to-too-two-01,Katie Sanderson,2026-09-10T18:03:04Z,true,false,Katie Sanderson reviewed and copied this human decision.
1,v3-to-too-two-0002-to-too-two-01,TO_TOO_TWO,b980443b1b7b373f89e214d3caee39c51c089aa4f4eb25b77c0656f38b5b5bf0,VALID,,true,preposition,destination_or_recipient_preposition,[],non-gold-v3-to-too-two-0002-to-too-two-01,Katie Sanderson,2026-09-10T18:03:04Z,true,false,Katie Sanderson reviewed and copied this human decision.
1,v3-to-too-two-0003-to-too-two-01,TO_TOO_TWO,944d6c8af6536897778063332dcd8c2cc671d60a75686482fa4e94f3cfa1563b,VALID,,true,preposition,destination_or_recipient_preposition,[],non-gold-v3-to-too-two-0003-to-too-two-01,Katie Sanderson,2026-09-10T18:03:04Z,true,false,Katie Sanderson reviewed and copied this human decision.
1,v3-to-too-two-0004-to-too-two-01,TO_TOO_TWO,29a815525bffc5a2f686c5b2f472503c672a9335543dabded42a2c7a7d0958f5,VALID,,true,preposition,destination_or_recipient_preposition,[],non-gold-v3-to-too-two-0004-to-too-two-01,Katie Sanderson,2026-09-10T18:03:04Z,true,false,Katie Sanderson reviewed and copied this human decision.
1,v3-to-too-two-0005-to-too-two-01,TO_TOO_TWO,5263758148169377e4b76278a3f19e292b42e006b943fbe78dfd79fe9b59e80b,VALID,,true,preposition,destination_or_recipient_preposition,[],non-gold-v3-to-too-two-0005-to-too-two-01,Katie Sanderson,2026-09-10T18:03:04Z,true,false,Katie Sanderson reviewed and copied this human decision.
1,v3-to-too-two-0005-to-too-two-02,TO_TOO_TWO,f6ebe3461c4ee4c3b8e4e7e665ac5b087e6e599b7d97808dd4918e1eaa9eebde,VALID,,true,preposition,destination_or_recipient_preposition,[],non-gold-v3-to-too-two-0005-to-too-two-02,Katie Sanderson,2026-09-10T18:03:04Z,true,false,Katie Sanderson reviewed and copied this human decision.
1,v3-to-too-two-0006-to-too-two-01,TO_TOO_TWO,9396a5845c036a4fdbaf878a4077a1bf382140c03add7cca14092fb796bde5c2,VALID,,true,preposition,destination_or_recipient_preposition,[],non-gold-v3-to-too-two-0006-to-too-two-01,Katie Sanderson,2026-09-10T18:03:04Z,true,false,Katie Sanderson reviewed and copied this human decision.
1,v3-to-too-two-0006-to-too-two-02,TO_TOO_TWO,f089a11de43f0192a5f9a6f1121a124948d56b1ef15a0a99996da0060c9dd8eb,VALID,,true,preposition,destination_or_recipient_preposition,[],non-gold-v3-to-too-two-0006-to-too-two-02,Katie Sanderson,2026-09-10T18:03:04Z,true,false,Katie Sanderson reviewed and copied this human decision.
1,v3-to-too-two-0007-to-too-two-01,TO_TOO_TWO,9558f5b6dd9645ee8e33236ead5015087e1e1e9db1b5cf3c86eece5b8432eca7,VALID,,true,preposition,destination_or_recipient_preposition,[],non-gold-v3-to-too-two-0007-to-too-two-01,Katie Sanderson,2026-09-10T18:03:04Z,true,false,Katie Sanderson reviewed and copied this human decision.
1,v3-to-too-two-0008-to-too-two-01,TO_TOO_TWO,4d5941b63415acdf52a07a3d9beb616be7ec83ed3c54aabbde8b1dd060ba16d7,VALID,,true,preposition,destination_or_recipient_preposition,[],non-gold-v3-to-too-two-0008-to-too-two-01,Katie Sanderson,2026-09-10T18:03:04Z,true,false,Katie Sanderson reviewed and copied this human decision.
1,v3-to-too-two-0009-to-too-two-01,TO_TOO_TWO,6a4039376e5bab235ee9d05b4cbe2874ac0d31b1c1404da92c322a3056ae6695,VALID,,true,preposition,destination_or_recipient_preposition,[],non-gold-v3-to-too-two-0009-to-too-two-01,Katie Sanderson,2026-09-10T18:03:04Z,true,false,Katie Sanderson reviewed and copied this human decision.
1,v3-to-too-two-0009-to-too-two-02,TO_TOO_TWO,8f1db5a07f004bae9a1aae4ec0606f8359034c64686299851350fa4dc7ff8cf3,VALID,,true,preposition,destination_or_recipient_preposition,[],non-gold-v3-to-too-two-0009-to-too-two-02,Katie Sanderson,2026-09-10T18:03:04Z,true,false,Katie Sanderson reviewed and copied this human decision.
1,v3-to-too-two-0010-to-too-two-01,TO_TOO_TWO,7e2485d26319d4be5e4f4dad75319dd75d6ebbe1564fc6b2cc44c98b9710890f,VALID,,true,preposition,destination_or_recipient_preposition,[],non-gold-v3-to-too-two-0010-to-too-two-01,Katie Sanderson,2026-09-10T18:03:04Z,true,false,Katie Sanderson reviewed and copied this human decision.
1,v3-to-too-two-0011-to-too-two-01,TO_TOO_TWO,d5465571491e52b81d793b0c8029e54f15025b4d441643d8f264021788ec8b91,VALID,,true,preposition,destination_or_recipient_preposition,[],non-gold-v3-to-too-two-0011-to-too-two-01,Katie Sanderson,2026-09-10T18:03:04Z,true,false,Katie Sanderson reviewed and copied this human decision.
1,v3-to-too-two-0011-to-too-two-02,TO_TOO_TWO,1776adc2838f6187d835131eb68e88af6186dc97da80e48d4d81747a01b43277,VALID,,true,infinitive,governed_infinitive,[],non-gold-v3-to-too-two-0011-to-too-two-02,Katie Sanderson,2026-09-10T18:03:04Z,true,false,Katie Sanderson reviewed and copied this human decision.
1,v3-to-too-two-0012-to-too-two-01,TO_TOO_TWO,61e66e752d74946eeb846f0c3bc1ff7a89c0f0ce550c28b97ea6adf9d8757a23,VALID,,true,preposition,destination_or_recipient_preposition,[],non-gold-v3-to-too-two-0012-to-too-two-01,Katie Sanderson,2026-09-10T18:03:04Z,true,false,Katie Sanderson reviewed and copied this human decision.
1,v3-to-too-two-0013-to-too-two-01,TO_TOO_TWO,357137e831f2fd9ca56101cc85bbc80e649fd69afefa0c88cd6513e03b035532,VALID,,true,preposition,destination_or_recipient_preposition,[],non-gold-v3-to-too-two-0013-to-too-two-01,Katie Sanderson,2026-09-10T18:03:04Z,true,false,Katie Sanderson reviewed and copied this human decision.
1,v3-to-too-two-0014-to-too-two-01,TO_TOO_TWO,6a001f2e8d759d7fb0bd21ce846c66f5e267caa7ffecd7ef5bf72cd5fa82fbfa,VALID,,true,preposition,destination_or_recipient_preposition,[],non-gold-v3-to-too-two-0014-to-too-two-01,Katie Sanderson,2026-09-10T18:03:04Z,true,false,Katie Sanderson reviewed and copied this human decision.
1,v3-to-too-two-0015-to-too-two-01,TO_TOO_TWO,83e97dc4d662a621dadd9fe38ecdd02a65fb5116f7e99f84bc8d9cb4ddc9b063,VALID,,true,preposition,destination_or_recipient_preposition,[],non-gold-v3-to-too-two-0015-to-too-two-01,Katie Sanderson,2026-09-10T18:03:04Z,true,false,Katie Sanderson reviewed and copied this human decision.
1,v3-to-too-two-0015-to-too-two-02,TO_TOO_TWO,77f9a6d7cdc43c2502ecac1de206a78f2bef9c2df2535cdd32b6eec4f5dc8095,VALID,,true,preposition,destination_or_recipient_preposition,[],non-gold-v3-to-too-two-0015-to-too-two-02,Katie Sanderson,2026-09-10T18:03:04Z,true,false,Katie Sanderson reviewed and copied this human decision.
1,v3-to-too-two-0016-to-too-two-01,TO_TOO_TWO,f3f5c93375dd4d7d7f231fe5926c00b911d7f5472680c07bcbc560cd73cb46a8,VALID,,true,preposition,destination_or_recipient_preposition,[],non-gold-v3-to-too-two-0016-to-too-two-01,Katie Sanderson,2026-09-10T18:03:04Z,true,false,Katie Sanderson reviewed and copied this human decision.
1,v3-to-too-two-0016-to-too-two-02,TO_TOO_TWO,6d57fbbd1e5f4f09024247d56f32500755e2aedaf8158abf5082c234a050435e,VALID,,true,preposition,destination_or_recipient_preposition,[],non-gold-v3-to-too-two-0016-to-too-two-02,Katie Sanderson,2026-09-10T18:03:04Z,true,false,Katie Sanderson reviewed and copied this human decision.
1,v3-to-too-two-0017-to-too-two-01,TO_TOO_TWO,758a5adfe3a976c3f7453076503110ff3196aab7e2280c975cdccb6b9d7910e0,VALID,,true,preposition,destination_or_recipient_preposition,[],non-gold-v3-to-too-two-0017-to-too-two-01,Katie Sanderson,2026-09-10T18:03:04Z,true,false,Katie Sanderson reviewed and copied this human decision.
1,v3-to-too-two-0018-to-too-two-01,TO_TOO_TWO,6afac011b204057fe33a02980bcad504efe1e86ae56d89a44b64910d4cf9785f,VALID,,true,preposition,destination_or_recipient_preposition,[],non-gold-v3-to-too-two-0018-to-too-two-01,Katie Sanderson,2026-09-10T18:03:04Z,true,false,Katie Sanderson reviewed and copied this human decision.
1,v3-to-too-two-0019-to-too-two-01,TO_TOO_TWO,6a56f0a741e2ed4ed6d00a7522ed3a2cf2db15db2c2e930dcfaa1b67ce9674ca,VALID,,true,preposition,destination_or_recipient_preposition,[],non-gold-v3-to-too-two-0019-to-too-two-01,Katie Sanderson,2026-09-10T18:03:04Z,true,false,Katie Sanderson reviewed and copied this human decision.
1,v3-to-too-two-0019-to-too-two-02,TO_TOO_TWO,5da28cb9f315258b6a186d53af9e25b8807b6df449cea6e06ef4405905dd4380,VALID,,true,preposition,destination_or_recipient_preposition,[],non-gold-v3-to-too-two-0019-to-too-two-02,Katie Sanderson,2026-09-10T18:03:04Z,true,false,Katie Sanderson reviewed and copied this human decision.
1,v3-to-too-two-0020-to-too-two-01,TO_TOO_TWO,b5378f43ff59dd42b8a3a19e7e4f4d1b3d36a5d6a04ce6082224192b54316434,VALID,,true,preposition,destination_or_recipient_preposition,[],non-gold-v3-to-too-two-0020-to-too-two-01,Katie Sanderson,2026-09-10T18:03:04Z,true,false,Katie Sanderson reviewed and copied this human decision.
1,v3-to-too-two-0021-to-too-two-01,TO_TOO_TWO,c0ba7a509ddda1b6137b784594c90402cd80a9410c88ba95a315cd34eaaa0627,VALID,,true,preposition,destination_or_recipient_preposition,[],non-gold-v3-to-too-two-0021-to-too-two-01,Katie Sanderson,2026-09-10T18:03:04Z,true,false,Katie Sanderson reviewed and copied this human decision.
1,v3-to-too-two-0022-to-too-two-01,TO_TOO_TWO,d51e5c62e880ddef081a6c417233ef5c9190a715ae032f4433f63ac095221ada,VALID,,true,preposition,destination_or_recipient_preposition,[],non-gold-v3-to-too-two-0022-to-too-two-01,Katie Sanderson,2026-09-10T18:03:04Z,true,false,Katie Sanderson reviewed and copied this human decision.
1,v3-to-too-two-0022-to-too-two-02,TO_TOO_TWO,e942d1849d17caba4c2b24cfd291d293963fd7cd9ffff7001b4b934f15b160a7,VALID,,true,infinitive,governed_infinitive,[],non-gold-v3-to-too-two-0022-to-too-two-02,Katie Sanderson,2026-09-10T18:03:04Z,true,false,Katie Sanderson reviewed and copied this human decision.
1,v3-to-too-two-0023-to-too-two-01,TO_TOO_TWO,b09fea143cd551e3a877737e3b45a221e32cde5f18fb35fae521245ce9a33e23,VALID,,true,preposition,destination_or_recipient_preposition,[],non-gold-v3-to-too-two-0023-to-too-two-01,Katie Sanderson,2026-09-10T18:03:04Z,true,false,Katie Sanderson reviewed and copied this human decision.
1,v3-to-too-two-0024-to-too-two-01,TO_TOO_TWO,315645d4d8c30e8a719c835f839f7ba9ad13b168ed95562f13f8a50011f71cde,VALID,,true,preposition,destination_or_recipient_preposition,[],non-gold-v3-to-too-two-0024-to-too-two-01,Katie Sanderson,2026-09-10T18:03:04Z,true,false,Katie Sanderson reviewed and copied this human decision.
1,v3-to-too-two-0025-to-too-two-01,TO_TOO_TWO,d4dd20227f8e254d5cacda094608be0e46fa137ef9f2d42670c625bf42283f86,VALID,,true,preposition,destination_or_recipient_preposition,[],non-gold-v3-to-too-two-0025-to-too-two-01,Katie Sanderson,2026-09-10T18:03:04Z,true,false,Katie Sanderson reviewed and copied this human decision.
1,v3-to-too-two-0025-to-too-two-02,TO_TOO_TWO,cb5cd2f77ed1ee5dc323be108701b735332f7972f4c32233ce48fb62dc91c1b6,VALID,,true,preposition,destination_or_recipient_preposition,[],non-gold-v3-to-too-two-0025-to-too-two-02,Katie Sanderson,2026-09-10T18:03:04Z,true,false,Katie Sanderson reviewed and copied this human decision.
1,v3-to-too-two-0026-to-too-two-01,TO_TOO_TWO,366fd8af8718d1f68c957e68fb5fe9e22a25cb66e200660d62e8522bb7e9d0c4,VALID,,true,preposition,destination_or_recipient_preposition,[],non-gold-v3-to-too-two-0026-to-too-two-01,Katie Sanderson,2026-09-10T18:03:04Z,true,false,Katie Sanderson reviewed and copied this human decision.
1,v3-to-too-two-0027-to-too-two-01,TO_TOO_TWO,31cf113e9620a8a69aefffc63fbfbc8e86a8756fa5d622e171dbe3dd6f7c43d7,VALID,,true,preposition,destination_or_recipient_preposition,[],non-gold-v3-to-too-two-0027-to-too-two-01,Katie Sanderson,2026-09-10T18:03:04Z,true,false,Katie Sanderson reviewed and copied this human decision.
1,v3-to-too-two-0028-to-too-two-01,TO_TOO_TWO,1923975fd620b9b447d78168ee42535d6054e67cf28a20f6898b081bed33f5f6,VALID,,true,preposition,destination_or_recipient_preposition,[],non-gold-v3-to-too-two-0028-to-too-two-01,Katie Sanderson,2026-09-10T18:03:04Z,true,false,Katie Sanderson reviewed and copied this human decision.
1,v3-to-too-two-0029-to-too-two-01,TO_TOO_TWO,8d58067d376acd0b61e366b13c2efbeb7db53539e0b27ee732bab4019dcb4b09,VALID,,true,preposition,destination_or_recipient_preposition,[],non-gold-v3-to-too-two-0029-to-too-two-01,Katie Sanderson,2026-09-10T18:03:04Z,true,false,Katie Sanderson reviewed and copied this human decision.
1,v3-to-too-two-0030-to-too-two-01,TO_TOO_TWO,324ab6489d0d5aad87c1fc0fe2d03f618eb23648374d8edcd20858108c178fa0,VALID,,true,preposition,destination_or_recipient_preposition,[],non-gold-v3-to-too-two-0030-to-too-two-01,Katie Sanderson,2026-09-10T18:03:04Z,true,false,Katie Sanderson reviewed and copied this human decision.
1,v3-to-too-two-0031-to-too-two-01,TO_TOO_TWO,fd6e968e7731cdce5aab44f22ecd9d7a164322516820a307dbfdaad421013fb9,VALID,,true,infinitive,governed_infinitive,[],non-gold-v3-to-too-two-0031-to-too-two-01,Katie Sanderson,2026-09-10T18:03:04Z,true,false,Katie Sanderson reviewed and copied this human decision.
1,v3-to-too-two-0032-to-too-two-01,TO_TOO_TWO,c9e7e56a028403d75f7ccab5ffe9b57e1f661f2ad206921643df2aebc7e6964d,VALID,,true,infinitive,governed_infinitive,[],non-gold-v3-to-too-two-0032-to-too-two-01,Katie Sanderson,2026-09-10T18:03:04Z,true,false,Katie Sanderson reviewed and copied this human decision.
1,v3-to-too-two-0033-to-too-two-01,TO_TOO_TWO,d5ef562d5a0af3ff84e6c7ce97fae9db94b30c1c5e23250e7776b42854c4b5d7,VALID,,true,infinitive,governed_infinitive,[],non-gold-v3-to-too-two-0033-to-too-two-01,Katie Sanderson,2026-09-10T18:03:04Z,true,false,Katie Sanderson reviewed and copied this human decision.
1,v3-to-too-two-0034-to-too-two-01,TO_TOO_TWO,226e330a7fa64631f58e464b2f2271376bd23cabc4fabea1522e13851cec7039,VALID,,true,infinitive,governed_infinitive,[],non-gold-v3-to-too-two-0034-to-too-two-01,Katie Sanderson,2026-09-10T18:03:04Z,true,false,Katie Sanderson reviewed and copied this human decision.
1,v3-to-too-two-0035-to-too-two-01,TO_TOO_TWO,78fe31f40c104c1b767930de343456895ee172a895e46a8b0721e5640f6881e1,VALID,,true,infinitive,governed_infinitive,[],non-gold-v3-to-too-two-0035-to-too-two-01,Katie Sanderson,2026-09-10T18:03:04Z,true,false,Katie Sanderson reviewed and copied this human decision.
1,v3-to-too-two-0035-to-too-two-02,TO_TOO_TWO,343bf7f2eae33c61fdf19cd53a752a5c3dc600c6cb1b722883b538f3eebf3070,VALID,,true,infinitive,governed_infinitive,[],non-gold-v3-to-too-two-0035-to-too-two-02,Katie Sanderson,2026-09-10T18:03:04Z,true,false,Katie Sanderson reviewed and copied this human decision.
1,v3-to-too-two-0036-to-too-two-01,TO_TOO_TWO,dbb6e6921a31ab3575374233960098ba3d06c0b69f985d2f55a1d2ce02898aa7,VALID,,true,infinitive,governed_infinitive,[],non-gold-v3-to-too-two-0036-to-too-two-01,Katie Sanderson,2026-09-10T18:03:04Z,true,false,Katie Sanderson reviewed and copied this human decision.
1,v3-to-too-two-0036-to-too-two-02,TO_TOO_TWO,2d09f21d58888f3300e21e262c358c2abfa6c362742507b78b03f7508d0321c3,VALID,,true,infinitive,governed_infinitive,[],non-gold-v3-to-too-two-0036-to-too-two-02,Katie Sanderson,2026-09-10T18:03:04Z,true,false,Katie Sanderson reviewed and copied this human decision.
1,v3-to-too-two-0037-to-too-two-01,TO_TOO_TWO,764ec0decf128121f9384e4dc2fd3d3213e2bac6465dcc1019d57e5c62132162,VALID,,true,infinitive,governed_infinitive,[],non-gold-v3-to-too-two-0037-to-too-two-01,Katie Sanderson,2026-09-10T18:03:04Z,true,false,Katie Sanderson reviewed and copied this human decision.
1,v3-to-too-two-0038-to-too-two-01,TO_TOO_TWO,e7d173b20d9bd4b5b8168819223b1266ec14c89c433380f85a077b228a6cd2b2,VALID,,true,infinitive,governed_infinitive,[],non-gold-v3-to-too-two-0038-to-too-two-01,Katie Sanderson,2026-09-10T18:03:04Z,true,false,Katie Sanderson reviewed and copied this human decision.
1,v3-to-too-two-0039-to-too-two-01,TO_TOO_TWO,93ae9d422db744c1f7813f3ce4c18aad05058dcc551bd81507e6430b009eac62,VALID,,true,infinitive,governed_infinitive,[],non-gold-v3-to-too-two-0039-to-too-two-01,Katie Sanderson,2026-09-10T18:03:04Z,true,false,Katie Sanderson reviewed and copied this human decision.
1,v3-to-too-two-0040-to-too-two-01,TO_TOO_TWO,f09451ff829987dfaf2c492b778b63336c8c3a51d80614c719bbe76f0c8058a8,VALID,,true,infinitive,governed_infinitive,[],non-gold-v3-to-too-two-0040-to-too-two-01,Katie Sanderson,2026-09-10T18:03:04Z,true,false,Katie Sanderson reviewed and copied this human decision.
1,v3-to-too-two-0041-to-too-two-01,TO_TOO_TWO,fb29d51d84b36fc94bdc05fea1f9a01404dae932a2637de8f1c90cd0ac17e1f3,VALID,,true,infinitive,governed_infinitive,[],non-gold-v3-to-too-two-0041-to-too-two-01,Katie Sanderson,2026-09-10T18:03:04Z,true,false,Katie Sanderson reviewed and copied this human decision.
1,v3-to-too-two-0042-to-too-two-01,TO_TOO_TWO,5b4833facf3dfeb3a38411e83bc5c464a0aa1b383d81549c07da1f83a2a037cc,VALID,,true,infinitive,governed_infinitive,[],non-gold-v3-to-too-two-0042-to-too-two-01,Katie Sanderson,2026-09-10T18:03:04Z,true,false,Katie Sanderson reviewed and copied this human decision.
1,v3-to-too-two-0043-to-too-two-01,TO_TOO_TWO,75c2d5c4a72a03828311fc2ef221935a76cb73174718bede11f9a5ebe0876b63,VALID,,true,infinitive,governed_infinitive,[],non-gold-v3-to-too-two-0043-to-too-two-01,Katie Sanderson,2026-09-10T18:03:04Z,true,false,Katie Sanderson reviewed and copied this human decision.
1,v3-to-too-two-0044-to-too-two-01,TO_TOO_TWO,1af10acbce174e4382b36fbcb10d6dde2622f0be88975c6c36d251711aa83aea,VALID,,true,infinitive,governed_infinitive,[],non-gold-v3-to-too-two-0044-to-too-two-01,Katie Sanderson,2026-09-10T18:03:04Z,true,false,Katie Sanderson reviewed and copied this human decision.
1,v3-to-too-two-0045-to-too-two-01,TO_TOO_TWO,ad47d68e2e6405bfbf11f5eeaa2c24f7f692184e6c5d120542a0943af66b97ca,VALID,,true,infinitive,governed_infinitive,[],non-gold-v3-to-too-two-0045-to-too-two-01,Katie Sanderson,2026-09-10T18:03:04Z,true,false,Katie Sanderson reviewed and copied this human decision.
1,v3-to-too-two-0045-to-too-two-02,TO_TOO_TWO,2b560c9125f9d852497f8f66a8c71e8910c5951a2cd5206f3c75294819756724,VALID,,true,infinitive,governed_infinitive,[],non-gold-v3-to-too-two-0045-to-too-two-02,Katie Sanderson,2026-09-10T18:03:04Z,true,false,Katie Sanderson reviewed and copied this human decision.
1,v3-to-too-two-0046-to-too-two-01,TO_TOO_TWO,17ead562cb524e247104fe6aa8449466cdaf37784dda68e8d5b79c77f238d607,VALID,,true,infinitive,governed_infinitive,[],non-gold-v3-to-too-two-0046-to-too-two-01,Katie Sanderson,2026-09-10T18:03:04Z,true,false,Katie Sanderson reviewed and copied this human decision.
1,v3-to-too-two-0046-to-too-two-02,TO_TOO_TWO,a787d70eeacb513d434304e0fc56348a186c94cf9893bc2a22f202de5dd7cb79,VALID,,true,infinitive,governed_infinitive,[],non-gold-v3-to-too-two-0046-to-too-two-02,Katie Sanderson,2026-09-10T18:03:04Z,true,false,Katie Sanderson reviewed and copied this human decision.
1,v3-to-too-two-0047-to-too-two-01,TO_TOO_TWO,8fbb8f820d521161e8cf2c7a69127473083f8004401dbea08940d967b5eb4a5a,VALID,,true,infinitive,governed_infinitive,[],non-gold-v3-to-too-two-0047-to-too-two-01,Katie Sanderson,2026-09-10T18:03:04Z,true,false,Katie Sanderson reviewed and copied this human decision.
1,v3-to-too-two-0047-to-too-two-02,TO_TOO_TWO,4d49847fcc1216cbb76b18b56403e5799be9a65d7bc49ee12fc75beeaa4d9736,VALID,,true,infinitive,governed_infinitive,[],non-gold-v3-to-too-two-0047-to-too-two-02,Katie Sanderson,2026-09-10T18:03:04Z,true,false,Katie Sanderson reviewed and copied this human decision.
1,v3-to-too-two-0048-to-too-two-01,TO_TOO_TWO,75876e449c9c0723a526b37da26be33efa0b0031519fb882a7d6ba3da4d0eb93,VALID,,true,infinitive,governed_infinitive,[],non-gold-v3-to-too-two-0048-to-too-two-01,Katie Sanderson,2026-09-10T18:03:04Z,true,false,Katie Sanderson reviewed and copied this human decision.
1,v3-to-too-two-0049-to-too-two-01,TO_TOO_TWO,b99a8150a4df898cf1de56be019ca1c2a893c58432e3004f72e5b31b3b7b2a09,VALID,,true,infinitive,governed_infinitive,[],non-gold-v3-to-too-two-0049-to-too-two-01,Katie Sanderson,2026-09-10T18:03:04Z,true,false,Katie Sanderson reviewed and copied this human decision.
1,v3-to-too-two-0050-to-too-two-01,TO_TOO_TWO,c83b84ccaa4c778cc4234599e522f1be7b4a3b457800e6921a7b2a9a6d6eaca4,VALID,,true,infinitive,governed_infinitive,[],non-gold-v3-to-too-two-0050-to-too-two-01,Katie Sanderson,2026-09-10T18:03:04Z,true,false,Katie Sanderson reviewed and copied this human decision.
1,v3-to-too-two-0051-to-too-two-01,TO_TOO_TWO,5e2be56fe989c3948c039082a306f15dbe03a20c235b83508eee645205f73ee3,VALID,,true,infinitive,governed_infinitive,[],non-gold-v3-to-too-two-0051-to-too-two-01,Katie Sanderson,2026-09-10T18:03:04Z,true,false,Katie Sanderson reviewed and copied this human decision.
1,v3-to-too-two-0052-to-too-two-01,TO_TOO_TWO,190945f58aa4cd77dc2a6614858d8a068421f541b2599e902cea62d5d250a598,VALID,,true,infinitive,governed_infinitive,[],non-gold-v3-to-too-two-0052-to-too-two-01,Katie Sanderson,2026-09-10T18:03:04Z,true,false,Katie Sanderson reviewed and copied this human decision.
1,v3-to-too-two-0053-to-too-two-01,TO_TOO_TWO,d3c9165b05478b2997bee056a9215a496869c6f8d47081c0b8c9f4585011f2e6,VALID,,true,infinitive,governed_infinitive,[],non-gold-v3-to-too-two-0053-to-too-two-01,Katie Sanderson,2026-09-10T18:03:04Z,true,false,Katie Sanderson reviewed and copied this human decision.
1,v3-to-too-two-0054-to-too-two-01,TO_TOO_TWO,607bb4cc1095d703a14ae0bee2cc460dee3485dcea8047006dd403baa50afe6c,VALID,,true,infinitive,governed_infinitive,[],non-gold-v3-to-too-two-0054-to-too-two-01,Katie Sanderson,2026-09-10T18:03:04Z,true,false,Katie Sanderson reviewed and copied this human decision.
1,v3-to-too-two-0055-to-too-two-01,TO_TOO_TWO,d0def244c58ca295519e9a7ce609c94815252cc8eedc7226ca12655794fe7d88,VALID,,true,infinitive,governed_infinitive,[],non-gold-v3-to-too-two-0055-to-too-two-01,Katie Sanderson,2026-09-10T18:03:04Z,true,false,Katie Sanderson reviewed and copied this human decision.
1,v3-to-too-two-0056-to-too-two-01,TO_TOO_TWO,0381094c594216eb303176eb944273634fca427481c8991ef107df7303fd3012,VALID,,true,infinitive,governed_infinitive,[],non-gold-v3-to-too-two-0056-to-too-two-01,Katie Sanderson,2026-09-10T18:03:04Z,true,false,Katie Sanderson reviewed and copied this human decision.
1,v3-to-too-two-0057-to-too-two-01,TO_TOO_TWO,f4c1c396323950da9d8a961b4acbd948c8ffa263b0d392dbe4f1e273881bef1a,VALID,,true,infinitive,governed_infinitive,[],non-gold-v3-to-too-two-0057-to-too-two-01,Katie Sanderson,2026-09-10T18:03:04Z,true,false,Katie Sanderson reviewed and copied this human decision.
1,v3-to-too-two-0057-to-too-two-02,TO_TOO_TWO,41af892ffe5cda03154f5c451f2136c0e52f80dd7fe0cff395c9cf6c3c655790,VALID,,true,infinitive,governed_infinitive,[],non-gold-v3-to-too-two-0057-to-too-two-02,Katie Sanderson,2026-09-10T18:03:04Z,true,false,Katie Sanderson reviewed and copied this human decision.
1,v3-to-too-two-0058-to-too-two-01,TO_TOO_TWO,eafc598f838e3b71db84a8cd536efbcdc6406a0e8217102cd13ffa0e66b0943b,VALID,,true,infinitive,governed_infinitive,[],non-gold-v3-to-too-two-0058-to-too-two-01,Katie Sanderson,2026-09-10T18:03:04Z,true,false,Katie Sanderson reviewed and copied this human decision.
1,v3-to-too-two-0059-to-too-two-01,TO_TOO_TWO,cd4565c067a2941d6e5eddec434145b37f0ce66f646a790146ce60d28185eb38,VALID,,true,infinitive,governed_infinitive,[],non-gold-v3-to-too-two-0059-to-too-two-01,Katie Sanderson,2026-09-10T18:03:04Z,true,false,Katie Sanderson reviewed and copied this human decision.
1,v3-to-too-two-0060-to-too-two-01,TO_TOO_TWO,3d4f02b6831846c7f4b1dec6337c5a31cc0bd5efe9d0ba0e9c1e822c9f82d54f,VALID,,true,infinitive,governed_infinitive,[],non-gold-v3-to-too-two-0060-to-too-two-01,Katie Sanderson,2026-09-10T18:03:04Z,true,false,Katie Sanderson reviewed and copied this human decision.
1,v3-to-too-two-0061-to-too-two-01,TO_TOO_TWO,c397cd012c39b020b9e2e4fcece75b738ab832b4c4f130d5cde134396e43612b,VALID,,true,additive,clause_additive,[],non-gold-v3-to-too-two-0061-to-too-two-01,Katie Sanderson,2026-09-10T18:03:04Z,true,false,Katie Sanderson reviewed and copied this human decision.
1,v3-to-too-two-0062-to-too-two-01,TO_TOO_TWO,64867b12c2646e9c85f78c8105700486d4138390e404504c91fe7c6400138fd5,VALID,,true,additive,clause_additive,[],non-gold-v3-to-too-two-0062-to-too-two-01,Katie Sanderson,2026-09-10T18:03:04Z,true,false,Katie Sanderson reviewed and copied this human decision.
1,v3-to-too-two-0063-to-too-two-01,TO_TOO_TWO,e499043f626371cd08ceb5d05cc798ef7649ed410146058996cd7e16ac7bfec6,VALID,,true,additive,clause_additive,[],non-gold-v3-to-too-two-0063-to-too-two-01,Katie Sanderson,2026-09-10T18:03:04Z,true,false,Katie Sanderson reviewed and copied this human decision.
1,v3-to-too-two-0063-to-too-two-02,TO_TOO_TWO,bdbb9de349ea6a4a3f0583c5aa54553f19956067e04de3607438d83de99dbc90,VALID,,true,infinitive,governed_infinitive,[],non-gold-v3-to-too-two-0063-to-too-two-02,Katie Sanderson,2026-09-10T18:03:04Z,true,false,Katie Sanderson reviewed and copied this human decision.
1,v3-to-too-two-0064-to-too-two-01,TO_TOO_TWO,08607be4723ead800e7f071a13bafeb8a69eeabc81df727fd8e16421f5d54bf5,VALID,,true,additive,clause_additive,[],non-gold-v3-to-too-two-0064-to-too-two-01,Katie Sanderson,2026-09-10T18:03:04Z,true,false,Katie Sanderson reviewed and copied this human decision.
1,v3-to-too-two-0065-to-too-two-01,TO_TOO_TWO,5d844bdeaa8174916fe9db76fe0955a288ac1df751b1d14d6d9bfffa2daf9102,VALID,,true,infinitive,governed_infinitive,[],non-gold-v3-to-too-two-0065-to-too-two-01,Katie Sanderson,2026-09-10T18:03:04Z,true,false,Katie Sanderson reviewed and copied this human decision.
1,v3-to-too-two-0065-to-too-two-02,TO_TOO_TWO,ccde7a714f383e070b41b89ca7a35c00acf6aee13ed473a8bfc85df65b59eef8,VALID,,true,additive,clause_additive,[],non-gold-v3-to-too-two-0065-to-too-two-02,Katie Sanderson,2026-09-10T18:03:04Z,true,false,Katie Sanderson reviewed and copied this human decision.
1,v3-to-too-two-0066-to-too-two-01,TO_TOO_TWO,49fb1b178e80a5b23d00dd83589c2d7f1553e1c23fdd9ed2df4bcdcc74b6ee82,VALID,,true,additive,clause_additive,[],non-gold-v3-to-too-two-0066-to-too-two-01,Katie Sanderson,2026-09-10T18:03:04Z,true,false,Katie Sanderson reviewed and copied this human decision.
1,v3-to-too-two-0067-to-too-two-01,TO_TOO_TWO,18afe404b9cf70c4a93ce06dc46cd3db8cc661c3b7fc4e8ba496e8e9fd425139,VALID,,true,additive,clause_additive,[],non-gold-v3-to-too-two-0067-to-too-two-01,Katie Sanderson,2026-09-10T18:03:04Z,true,false,Katie Sanderson reviewed and copied this human decision.
1,v3-to-too-two-0068-to-too-two-01,TO_TOO_TWO,963ffdad4df8cb45411a2b259674426cb589ab30468708c69d1d49c06e7a512d,VALID,,true,infinitive,governed_infinitive,[],non-gold-v3-to-too-two-0068-to-too-two-01,Katie Sanderson,2026-09-10T18:03:04Z,true,false,Katie Sanderson reviewed and copied this human decision.
1,v3-to-too-two-0068-to-too-two-02,TO_TOO_TWO,ad7caeaceb38d225aa0f009a0987f1786f5920f360d1336ef06b394b3b3e8d98,VALID,,true,additive,clause_additive,[],non-gold-v3-to-too-two-0068-to-too-two-02,Katie Sanderson,2026-09-10T18:03:04Z,true,false,Katie Sanderson reviewed and copied this human decision.
1,v3-to-too-two-0069-to-too-two-01,TO_TOO_TWO,de42089ff7bfa5647c3348a96077152fbdd361e6deec9a294e768e8990a56694,VALID,,true,additive,clause_additive,[],non-gold-v3-to-too-two-0069-to-too-two-01,Katie Sanderson,2026-09-10T18:03:04Z,true,false,Katie Sanderson reviewed and copied this human decision.
1,v3-to-too-two-0070-to-too-two-01,TO_TOO_TWO,cafd593b2a544fcf1a8674cdd07bc396687dedd5846719e6a0ce6d945e0a61ce,VALID,,true,additive,clause_additive,[],non-gold-v3-to-too-two-0070-to-too-two-01,Katie Sanderson,2026-09-10T18:03:04Z,true,false,Katie Sanderson reviewed and copied this human decision.
1,v3-to-too-two-0071-to-too-two-01,TO_TOO_TWO,63abbaecca036b92e44162d7e7100fb3405c291618e72e9eafec81cce3b0b6dd,VALID,,true,infinitive,governed_infinitive,[],non-gold-v3-to-too-two-0071-to-too-two-01,Katie Sanderson,2026-09-10T18:03:04Z,true,false,Katie Sanderson reviewed and copied this human decision.
1,v3-to-too-two-0071-to-too-two-02,TO_TOO_TWO,a0456783918d501af92f882094df28ea3e4b9af13ca7bfd307fe3e6154dcdc19,VALID,,true,additive,clause_additive,[],non-gold-v3-to-too-two-0071-to-too-two-02,Katie Sanderson,2026-09-10T18:03:04Z,true,false,Katie Sanderson reviewed and copied this human decision.
1,v3-to-too-two-0072-to-too-two-01,TO_TOO_TWO,939d2c91f9d0b6efd71c1419f4c1487cf0d7b579984c7e60bb4d73c9ad20c734,VALID,,true,additive,clause_additive,[],non-gold-v3-to-too-two-0072-to-too-two-01,Katie Sanderson,2026-09-10T18:03:04Z,true,false,Katie Sanderson reviewed and copied this human decision.
1,v3-to-too-two-0073-to-too-two-01,TO_TOO_TWO,9af277aa4a7af00aa25d5b2cb9a200908d1715ad94cc2dd10251b2e625c88cc1,VALID,,true,additive,clause_additive,[],non-gold-v3-to-too-two-0073-to-too-two-01,Katie Sanderson,2026-09-10T18:03:04Z,true,false,Katie Sanderson reviewed and copied this human decision.
1,v3-to-too-two-0074-to-too-two-01,TO_TOO_TWO,1bd9ae7c93cab4399eb6ab77df9c3c0c09fe5d6b312634877895fd7b41a17d10,VALID,,true,additive,clause_additive,[],non-gold-v3-to-too-two-0074-to-too-two-01,Katie Sanderson,2026-09-10T18:03:04Z,true,false,Katie Sanderson reviewed and copied this human decision.
1,v3-to-too-two-0075-to-too-two-01,TO_TOO_TWO,f67e47385034a93d08bb8682db22487179b7ef692c22b0832f5e8b9354f136fb,VALID,,true,additive,clause_additive,[],non-gold-v3-to-too-two-0075-to-too-two-01,Katie Sanderson,2026-09-10T18:03:04Z,true,false,Katie Sanderson reviewed and copied this human decision.
1,v3-to-too-two-0076-to-too-two-01,TO_TOO_TWO,4b0797807caf7c01867bf21ccf80a6f71c46bec7919d87c43f9a23ea35440f65,VALID,,true,additive,clause_additive,[],non-gold-v3-to-too-two-0076-to-too-two-01,Katie Sanderson,2026-09-10T18:03:04Z,true,false,Katie Sanderson reviewed and copied this human decision.
1,v3-to-too-two-0077-to-too-two-01,TO_TOO_TWO,5bb03b293e17cb8d1d8c95a19045c666c9f0a980b52dfdab71c9e97f4a4e5c89,VALID,,true,additive,clause_additive,[],non-gold-v3-to-too-two-0077-to-too-two-01,Katie Sanderson,2026-09-10T18:03:04Z,true,false,Katie Sanderson reviewed and copied this human decision.
1,v3-to-too-two-0078-to-too-two-01,TO_TOO_TWO,d19cfa8cd431240efaa1eb68d42931eee13c25d83ed38157ad180f308fc8739d,VALID,,true,additive,clause_additive,[],non-gold-v3-to-too-two-0078-to-too-two-01,Katie Sanderson,2026-09-10T18:03:04Z,true,false,Katie Sanderson reviewed and copied this human decision.
1,v3-to-too-two-0079-to-too-two-01,TO_TOO_TWO,61e9da878befd89765ebadda59a126b123a7a8aa568bbb904c34329564d02185,VALID,,true,additive,clause_additive,[],non-gold-v3-to-too-two-0079-to-too-two-01,Katie Sanderson,2026-09-10T18:03:04Z,true,false,Katie Sanderson reviewed and copied this human decision.
1,v3-to-too-two-0079-to-too-two-02,TO_TOO_TWO,c599f8d8d603ac2703cb2d1dd8008acdc7fb57e32a8144e07f15162add148f46,VALID,,true,infinitive,governed_infinitive,[],non-gold-v3-to-too-two-0079-to-too-two-02,Katie Sanderson,2026-09-10T18:03:04Z,true,false,Katie Sanderson reviewed and copied this human decision.
1,v3-to-too-two-0080-to-too-two-01,TO_TOO_TWO,27e69bfe8ba3d2e524f16f22b868f5a3c7eebf3646a13d9924338d16fea6f789,VALID,,true,additive,clause_additive,[],non-gold-v3-to-too-two-0080-to-too-two-01,Katie Sanderson,2026-09-10T18:03:04Z,true,false,Katie Sanderson reviewed and copied this human decision.
1,v3-to-too-two-0081-to-too-two-01,TO_TOO_TWO,c0995391a1962a39c37241d1e128aa5df2d06613ac5d79046d17bffd3655ebe8,VALID,,true,additive,clause_additive,[],non-gold-v3-to-too-two-0081-to-too-two-01,Katie Sanderson,2026-09-10T18:03:04Z,true,false,Katie Sanderson reviewed and copied this human decision.
1,v3-to-too-two-0082-to-too-two-01,TO_TOO_TWO,f7898db0aea91d0bd6bd8aa651c8112de1aed2932d5b88fe5b9ddc7f4d72e588,VALID,,true,additive,clause_additive,[],non-gold-v3-to-too-two-0082-to-too-two-01,Katie Sanderson,2026-09-10T18:03:04Z,true,false,Katie Sanderson reviewed and copied this human decision.
1,v3-to-too-two-0083-to-too-two-01,TO_TOO_TWO,1d73418f207c1615f93b453dff3ee122c36866042b6aa3b567e4823aeecbe559,VALID,,true,additive,clause_additive,[],non-gold-v3-to-too-two-0083-to-too-two-01,Katie Sanderson,2026-09-10T18:03:04Z,true,false,Katie Sanderson reviewed and copied this human decision.
1,v3-to-too-two-0084-to-too-two-01,TO_TOO_TWO,716905be23778b8a9b98fa4161f04940173e13b779769d09f9ea6e5a5a0816bb,VALID,,true,additive,clause_additive,[],non-gold-v3-to-too-two-0084-to-too-two-01,Katie Sanderson,2026-09-10T18:03:04Z,true,false,Katie Sanderson reviewed and copied this human decision.
1,v3-to-too-two-0085-to-too-two-01,TO_TOO_TWO,f865b492defe8b8e4a8235cf7bc38da5c7a4e8a55dba6abd0e9996c00725f9f8,VALID,,true,additive,clause_additive,[],non-gold-v3-to-too-two-0085-to-too-two-01,Katie Sanderson,2026-09-10T18:03:04Z,true,false,Katie Sanderson reviewed and copied this human decision.
1,v3-to-too-two-0086-to-too-two-01,TO_TOO_TWO,ea96c68c5e9e4f4daaf5ec88f6d25d469e0719cefad3072853e3372f753aaa8a,VALID,,true,additive,clause_additive,[],non-gold-v3-to-too-two-0086-to-too-two-01,Katie Sanderson,2026-09-10T18:03:04Z,true,false,Katie Sanderson reviewed and copied this human decision.
1,v3-to-too-two-0087-to-too-two-01,TO_TOO_TWO,8f59ffbc52a5bc5e444b8c623c4e71cf56ea97faeec50f531066dc75b04a2327,VALID,,true,additive,clause_additive,[],non-gold-v3-to-too-two-0087-to-too-two-01,Katie Sanderson,2026-09-10T18:03:04Z,true,false,Katie Sanderson reviewed and copied this human decision.
1,v3-to-too-two-0088-to-too-two-01,TO_TOO_TWO,9e4f8b1e4b5754615180b8cdabb1355ba45846553b90dcd9b8cd418eaacdd6e0,VALID,,true,infinitive,governed_infinitive,[],non-gold-v3-to-too-two-0088-to-too-two-01,Katie Sanderson,2026-09-10T18:03:04Z,true,false,Katie Sanderson reviewed and copied this human decision.
1,v3-to-too-two-0088-to-too-two-02,TO_TOO_TWO,ea12007959892ed2a7826800fed1afb63babde06f8528dc77e11208724af6f2d,VALID,,true,additive,clause_additive,[],non-gold-v3-to-too-two-0088-to-too-two-02,Katie Sanderson,2026-09-10T18:03:04Z,true,false,Katie Sanderson reviewed and copied this human decision.
1,v3-to-too-two-0089-to-too-two-01,TO_TOO_TWO,b2711e74a727339b62d5e1c445339dc93af3393d1341c18f89d35719344e9369,VALID,,true,infinitive,governed_infinitive,[],non-gold-v3-to-too-two-0089-to-too-two-01,Katie Sanderson,2026-09-10T18:03:04Z,true,false,Katie Sanderson reviewed and copied this human decision.
1,v3-to-too-two-0089-to-too-two-02,TO_TOO_TWO,cdce1b596678731d6f60c97c2d87a424558250afb9a5d5fb6302250ca986bd98,VALID,,true,additive,clause_additive,[],non-gold-v3-to-too-two-0089-to-too-two-02,Katie Sanderson,2026-09-10T18:03:04Z,true,false,Katie Sanderson reviewed and copied this human decision.
1,v3-to-too-two-0090-to-too-two-01,TO_TOO_TWO,4c7a8c8f5c2fe11e7324098cbb2835b480ff229adaf97ca3d90f6483cd65e247,VALID,,true,additive,clause_additive,[],non-gold-v3-to-too-two-0090-to-too-two-01,Katie Sanderson,2026-09-10T18:03:04Z,true,false,Katie Sanderson reviewed and copied this human decision.
1,v3-to-too-two-0091-to-too-two-01,TO_TOO_TWO,9606b6e0400498376202caf531b04c161ff4df4059a05bd864b8a14a52a33e17,VALID,,true,degree,adjective_or_manner_degree,[],non-gold-v3-to-too-two-0091-to-too-two-01,Katie Sanderson,2026-09-10T18:03:04Z,true,false,Katie Sanderson reviewed and copied this human decision.
1,v3-to-too-two-0091-to-too-two-02,TO_TOO_TWO,b408c7d79a9928dc55ddaebc641723b91685502c21d17099796cee39415d3417,VALID,,true,infinitive,governed_infinitive,[],non-gold-v3-to-too-two-0091-to-too-two-02,Katie Sanderson,2026-09-10T18:03:04Z,true,false,Katie Sanderson reviewed and copied this human decision.
1,v3-to-too-two-0092-to-too-two-01,TO_TOO_TWO,d20cafa803541eeecbc6cac7368be2aae218756295e223b0f33a8eede968204f,VALID,,true,degree,adjective_or_manner_degree,[],non-gold-v3-to-too-two-0092-to-too-two-01,Katie Sanderson,2026-09-10T18:03:04Z,true,false,Katie Sanderson reviewed and copied this human decision.
1,v3-to-too-two-0093-to-too-two-01,TO_TOO_TWO,c69c552c9e70d886dce4f619d1cd40a16786be8d808831169f4aecbbb48e443a,VALID,,true,degree,adjective_or_manner_degree,[],non-gold-v3-to-too-two-0093-to-too-two-01,Katie Sanderson,2026-09-10T18:03:04Z,true,false,Katie Sanderson reviewed and copied this human decision.
1,v3-to-too-two-0093-to-too-two-02,TO_TOO_TWO,067504b5a4618573cca397da9e244032b7dbc73bbea6d5b2a80538fe3ca89a3c,VALID,,true,infinitive,governed_infinitive,[],non-gold-v3-to-too-two-0093-to-too-two-02,Katie Sanderson,2026-09-10T18:03:04Z,true,false,Katie Sanderson reviewed and copied this human decision.
1,v3-to-too-two-0094-to-too-two-01,TO_TOO_TWO,76267d4e81e745482eed17eabd8f56a8c213967f63ff4a9836c5315fd8734626,VALID,,true,degree,adjective_or_manner_degree,[],non-gold-v3-to-too-two-0094-to-too-two-01,Katie Sanderson,2026-09-10T18:03:04Z,true,false,Katie Sanderson reviewed and copied this human decision.
1,v3-to-too-two-0095-to-too-two-01,TO_TOO_TWO,cb548db302a5d1f2f3918d486cea69e1128caee0978735d78b2943dd473d5791,VALID,,true,degree,adjective_or_manner_degree,[],non-gold-v3-to-too-two-0095-to-too-two-01,Katie Sanderson,2026-09-10T18:03:04Z,true,false,Katie Sanderson reviewed and copied this human decision.
1,v3-to-too-two-0096-to-too-two-01,TO_TOO_TWO,3e3c84bb0e49efda58516849dac45bd9e49d169200e7fe4a35041578ef881cb9,VALID,,true,degree,adjective_or_manner_degree,[],non-gold-v3-to-too-two-0096-to-too-two-01,Katie Sanderson,2026-09-10T18:03:04Z,true,false,Katie Sanderson reviewed and copied this human decision.
1,v3-to-too-two-0096-to-too-two-02,TO_TOO_TWO,5107bc47934d498e90049e5eebadb4c40821feace54bf5d91b1c4ec5d73f9f0f,VALID,,true,infinitive,governed_infinitive,[],non-gold-v3-to-too-two-0096-to-too-two-02,Katie Sanderson,2026-09-10T18:03:04Z,true,false,Katie Sanderson reviewed and copied this human decision.
1,v3-to-too-two-0097-to-too-two-01,TO_TOO_TWO,a818f1c7338bed39dd1ad5e5aa222d720b6b15efee76b2dffd1625249b585120,VALID,,true,degree,adjective_or_manner_degree,[],non-gold-v3-to-too-two-0097-to-too-two-01,Katie Sanderson,2026-09-10T18:03:04Z,true,false,Katie Sanderson reviewed and copied this human decision.
1,v3-to-too-two-0097-to-too-two-02,TO_TOO_TWO,ea4b25f60397975707a11cb427e62ab882a6ae6cc56215e616a674c8d233b3fc,VALID,,true,infinitive,governed_infinitive,[],non-gold-v3-to-too-two-0097-to-too-two-02,Katie Sanderson,2026-09-10T18:03:04Z,true,false,Katie Sanderson reviewed and copied this human decision.
1,v3-to-too-two-0098-to-too-two-01,TO_TOO_TWO,dbd0c4f6b22b28f8bebeabd8c5e6601e5480d334ad8985b8f87d5c77efb785ba,VALID,,true,degree,adjective_or_manner_degree,[],non-gold-v3-to-too-two-0098-to-too-two-01,Katie Sanderson,2026-09-10T18:03:04Z,true,false,Katie Sanderson reviewed and copied this human decision.
1,v3-to-too-two-0099-to-too-two-01,TO_TOO_TWO,1109d4a26c7890d3c951c48611fca96462c8713bed8ea3dad3b174418a6d5598,VALID,,true,degree,adjective_or_manner_degree,[],non-gold-v3-to-too-two-0099-to-too-two-01,Katie Sanderson,2026-09-10T18:03:04Z,true,false,Katie Sanderson reviewed and copied this human decision.
1,v3-to-too-two-0100-to-too-two-01,TO_TOO_TWO,c48a04fdc6e72edf7fb7e5b00980a52e50a4fc8d08ddf3efe30af7b6ab3cd8bc,VALID,,true,degree,adjective_or_manner_degree,[],non-gold-v3-to-too-two-0100-to-too-two-01,Katie Sanderson,2026-09-10T18:03:04Z,true,false,Katie Sanderson reviewed and copied this human decision.
1,v3-to-too-two-0101-to-too-two-01,TO_TOO_TWO,f10b81390a4ecbe9ac2670f04271b586f180b0735a933536f08342db2369f0e6,VALID,,true,degree,adjective_or_manner_degree,[],non-gold-v3-to-too-two-0101-to-too-two-01,Katie Sanderson,2026-09-10T18:03:04Z,true,false,Katie Sanderson reviewed and copied this human decision.
1,v3-to-too-two-0101-to-too-two-02,TO_TOO_TWO,67de70d99d47d221546b6d5fce08358274053f8f43ff1fb96d43b7b86de43155,VALID,,true,infinitive,governed_infinitive,[],non-gold-v3-to-too-two-0101-to-too-two-02,Katie Sanderson,2026-09-10T18:03:04Z,true,false,Katie Sanderson reviewed and copied this human decision.
1,v3-to-too-two-0102-to-too-two-01,TO_TOO_TWO,a9d3b6125e27ecc6ed9e21e6478ce31fb033fba670d32778f8e02399d9260762,VALID,,true,degree,adjective_or_manner_degree,[],non-gold-v3-to-too-two-0102-to-too-two-01,Katie Sanderson,2026-09-10T18:03:04Z,true,false,Katie Sanderson reviewed and copied this human decision.
1,v3-to-too-two-0102-to-too-two-02,TO_TOO_TWO,03e12ea2aafb370775e45cf192f00ebba02e5ba3727af9a80a342e4ee1d36d6b,VALID,,true,infinitive,governed_infinitive,[],non-gold-v3-to-too-two-0102-to-too-two-02,Katie Sanderson,2026-09-10T18:03:04Z,true,false,Katie Sanderson reviewed and copied this human decision.
1,v3-to-too-two-0103-to-too-two-01,TO_TOO_TWO,efc6326574f294a38e27288430dd30fb63bd64d9d3d4f87df4c5739137d12089,VALID,,true,degree,adjective_or_manner_degree,[],non-gold-v3-to-too-two-0103-to-too-two-01,Katie Sanderson,2026-09-10T18:03:04Z,true,false,Katie Sanderson reviewed and copied this human decision.
1,v3-to-too-two-0103-to-too-two-02,TO_TOO_TWO,fb042d9bb3578a57577e048c4b3b7abc867add837dbcbc73558292cd141b6d51,VALID,,true,infinitive,governed_infinitive,[],non-gold-v3-to-too-two-0103-to-too-two-02,Katie Sanderson,2026-09-10T18:03:04Z,true,false,Katie Sanderson reviewed and copied this human decision.
1,v3-to-too-two-0104-to-too-two-01,TO_TOO_TWO,aca1408cdb9607861f589b6141e90081bcca16bfad4b6509d7a317426aa14a0e,VALID,,true,degree,adjective_or_manner_degree,[],non-gold-v3-to-too-two-0104-to-too-two-01,Katie Sanderson,2026-09-10T18:03:04Z,true,false,Katie Sanderson reviewed and copied this human decision.
1,v3-to-too-two-0105-to-too-two-01,TO_TOO_TWO,e997a4159988934446b351e5d72a18332565185f1ac5dddc8d94617a9a06f4fe,VALID,,true,degree,adjective_or_manner_degree,[],non-gold-v3-to-too-two-0105-to-too-two-01,Katie Sanderson,2026-09-10T18:03:04Z,true,false,Katie Sanderson reviewed and copied this human decision.
1,v3-to-too-two-0106-to-too-two-01,TO_TOO_TWO,f965cb8f19a25007b51f728f611f43a18a2c9c1265a05d5e1b52f2bc1cb1d9a8,VALID,,true,degree,adjective_or_manner_degree,[],non-gold-v3-to-too-two-0106-to-too-two-01,Katie Sanderson,2026-09-10T18:03:04Z,true,false,Katie Sanderson reviewed and copied this human decision.
1,v3-to-too-two-0107-to-too-two-01,TO_TOO_TWO,81b8ec330554b498ecf6e8f6bb214f3d5d6186afdb7e49ec2a92d99eff7e4ec8,VALID,,true,degree,adjective_or_manner_degree,[],non-gold-v3-to-too-two-0107-to-too-two-01,Katie Sanderson,2026-09-10T18:03:04Z,true,false,Katie Sanderson reviewed and copied this human decision.
1,v3-to-too-two-0108-to-too-two-01,TO_TOO_TWO,ae42c17f198252b4fd4e73763e94b07269e64e04f2b504ade45c31aa05a578c9,VALID,,true,degree,adjective_or_manner_degree,[],non-gold-v3-to-too-two-0108-to-too-two-01,Katie Sanderson,2026-09-10T18:03:04Z,true,false,Katie Sanderson reviewed and copied this human decision.
1,v3-to-too-two-0108-to-too-two-02,TO_TOO_TWO,0bae43bf3701d62d1b3657b704c92e69009870d4851b6d9ed645dc73076e37b0,VALID,,true,infinitive,governed_infinitive,[],non-gold-v3-to-too-two-0108-to-too-two-02,Katie Sanderson,2026-09-10T18:03:04Z,true,false,Katie Sanderson reviewed and copied this human decision.
1,v3-to-too-two-0109-to-too-two-01,TO_TOO_TWO,987828f47e272b3a05737533a2b357d4dd7ab471b893bbbda1b37d4f173cc5ba,VALID,,true,degree,adjective_or_manner_degree,[],non-gold-v3-to-too-two-0109-to-too-two-01,Katie Sanderson,2026-09-10T18:03:04Z,true,false,Katie Sanderson reviewed and copied this human decision.
1,v3-to-too-two-0110-to-too-two-01,TO_TOO_TWO,096a79367e02b6a7da06bebe9131cf4d835334dfcf3580b17527b8f61fddbb73,VALID,,true,degree,adjective_or_manner_degree,[],non-gold-v3-to-too-two-0110-to-too-two-01,Katie Sanderson,2026-09-10T18:03:04Z,true,false,Katie Sanderson reviewed and copied this human decision.
1,v3-to-too-two-0111-to-too-two-01,TO_TOO_TWO,dbfac20fe2b99f8f7a303b314776c3a0e96c3e37eea9a19b4f76aba8e3b797a7,VALID,,true,degree,adjective_or_manner_degree,[],non-gold-v3-to-too-two-0111-to-too-two-01,Katie Sanderson,2026-09-10T18:03:04Z,true,false,Katie Sanderson reviewed and copied this human decision.
1,v3-to-too-two-0111-to-too-two-02,TO_TOO_TWO,a1b601685fffcd41d096e43e37720a0b8c268b9822622734f009ea4077c6940c,VALID,,true,infinitive,governed_infinitive,[],non-gold-v3-to-too-two-0111-to-too-two-02,Katie Sanderson,2026-09-10T18:03:04Z,true,false,Katie Sanderson reviewed and copied this human decision.
1,v3-to-too-two-0112-to-too-two-01,TO_TOO_TWO,c0cea168c0d32a52d0ebebed2148aaebf5faa35d76697b7160ebffdb413742bc,VALID,,true,degree,adjective_or_manner_degree,[],non-gold-v3-to-too-two-0112-to-too-two-01,Katie Sanderson,2026-09-10T18:03:04Z,true,false,Katie Sanderson reviewed and copied this human decision.
1,v3-to-too-two-0112-to-too-two-02,TO_TOO_TWO,7fc121b50583b65dd741efca68202a292c81a981c30424547a18fe8f571ed50f,VALID,,true,infinitive,governed_infinitive,[],non-gold-v3-to-too-two-0112-to-too-two-02,Katie Sanderson,2026-09-10T18:03:04Z,true,false,Katie Sanderson reviewed and copied this human decision.
1,v3-to-too-two-0113-to-too-two-01,TO_TOO_TWO,efc3e19084977979c339c18979dfcbd0eed2943cafa4b5191971cb294c18e190,VALID,,true,degree,adjective_or_manner_degree,[],non-gold-v3-to-too-two-0113-to-too-two-01,Katie Sanderson,2026-09-10T18:03:04Z,true,false,Katie Sanderson reviewed and copied this human decision.
1,v3-to-too-two-0113-to-too-two-02,TO_TOO_TWO,0f395cb989a8dac5fc815e3cf4b796b3d9a69874c8e05dac9efcb46cf1930cbd,VALID,,true,infinitive,governed_infinitive,[],non-gold-v3-to-too-two-0113-to-too-two-02,Katie Sanderson,2026-09-10T18:03:04Z,true,false,Katie Sanderson reviewed and copied this human decision.
1,v3-to-too-two-0114-to-too-two-01,TO_TOO_TWO,0a41e433e786aeecfe7a34191b6baceabc11701b8d774763e95f99ed910b81c1,VALID,,true,degree,adjective_or_manner_degree,[],non-gold-v3-to-too-two-0114-to-too-two-01,Katie Sanderson,2026-09-10T18:03:04Z,true,false,Katie Sanderson reviewed and copied this human decision.
1,v3-to-too-two-0114-to-too-two-02,TO_TOO_TWO,05469a638b3507d4a727b4454fbfa7d3f4728960b78410c28dbbf93c483b6562,VALID,,true,infinitive,governed_infinitive,[],non-gold-v3-to-too-two-0114-to-too-two-02,Katie Sanderson,2026-09-10T18:03:04Z,true,false,Katie Sanderson reviewed and copied this human decision.
1,v3-to-too-two-0115-to-too-two-01,TO_TOO_TWO,d8ccd652e5db9749c634962add4a0a5441dfb8c8f2917d57c4e1b14044428119,VALID,,true,degree,adjective_or_manner_degree,[],non-gold-v3-to-too-two-0115-to-too-two-01,Katie Sanderson,2026-09-10T18:03:04Z,true,false,Katie Sanderson reviewed and copied this human decision.
1,v3-to-too-two-0116-to-too-two-01,TO_TOO_TWO,63abdfa854a520543b1ffa071b8b78db2bcf81ac1473d6ab2fde3767e27a655a,VALID,,true,degree,adjective_or_manner_degree,[],non-gold-v3-to-too-two-0116-to-too-two-01,Katie Sanderson,2026-09-10T18:03:04Z,true,false,Katie Sanderson reviewed and copied this human decision.
1,v3-to-too-two-0116-to-too-two-02,TO_TOO_TWO,5a6913d53e6c3dc12635939bf011fd53f67d10bfef461b9b8e77f7f15931fb8c,VALID,,true,infinitive,governed_infinitive,[],non-gold-v3-to-too-two-0116-to-too-two-02,Katie Sanderson,2026-09-10T18:03:04Z,true,false,Katie Sanderson reviewed and copied this human decision.
1,v3-to-too-two-0117-to-too-two-01,TO_TOO_TWO,b6e7171e32c8cd6bc0ec5b529df04f3ca95dde461410a64641973cc9b02fc363,VALID,,true,degree,adjective_or_manner_degree,[],non-gold-v3-to-too-two-0117-to-too-two-01,Katie Sanderson,2026-09-10T18:03:04Z,true,false,Katie Sanderson reviewed and copied this human decision.
1,v3-to-too-two-0117-to-too-two-02,TO_TOO_TWO,134a0de7f9b87ad21912f4661eeb6ef573c68ec230cacbde59fc1df42e7827a8,VALID,,true,infinitive,governed_infinitive,[],non-gold-v3-to-too-two-0117-to-too-two-02,Katie Sanderson,2026-09-10T18:03:04Z,true,false,Katie Sanderson reviewed and copied this human decision.
1,v3-to-too-two-0118-to-too-two-01,TO_TOO_TWO,b7e6e58f02cc0360527b2665449f9728c094ba8d8b387c90276d7189fa3ad6da,VALID,,true,degree,adjective_or_manner_degree,[],non-gold-v3-to-too-two-0118-to-too-two-01,Katie Sanderson,2026-09-10T18:03:04Z,true,false,Katie Sanderson reviewed and copied this human decision.
1,v3-to-too-two-0119-to-too-two-01,TO_TOO_TWO,9df546c2aa583c94bb173553ba2e0476c085818591daec1d42aba13b9a39e60b,VALID,,true,degree,adjective_or_manner_degree,[],non-gold-v3-to-too-two-0119-to-too-two-01,Katie Sanderson,2026-09-10T18:03:04Z,true,false,Katie Sanderson reviewed and copied this human decision.
1,v3-to-too-two-0119-to-too-two-02,TO_TOO_TWO,8e7d5360c2e0f7b8d8ceb5b70ba9a9ad202d2927ccc9390cec4f2072f801711c,VALID,,true,infinitive,governed_infinitive,[],non-gold-v3-to-too-two-0119-to-too-two-02,Katie Sanderson,2026-09-10T18:03:04Z,true,false,Katie Sanderson reviewed and copied this human decision.
1,v3-to-too-two-0119-to-too-two-03,TO_TOO_TWO,2753599a2fe1f71cc918e573c9fa62b5585a5efff6ac0d1265893a7609e0df06,VALID,,true,infinitive,governed_infinitive,[],non-gold-v3-to-too-two-0119-to-too-two-03,Katie Sanderson,2026-09-10T18:03:04Z,true,false,Katie Sanderson reviewed and copied this human decision.
1,v3-to-too-two-0120-to-too-two-01,TO_TOO_TWO,25122cca7f0ea45c9f8ce3ccb247fa54e0bdf690b1d86e1db57c9245b1d48bd6,VALID,,true,degree,adjective_or_manner_degree,[],non-gold-v3-to-too-two-0120-to-too-two-01,Katie Sanderson,2026-09-10T18:03:04Z,true,false,Katie Sanderson reviewed and copied this human decision.
1,v3-to-too-two-0120-to-too-two-02,TO_TOO_TWO,f2707da6629a274370631d2629f3e21ce32d021d4387645806c5cbed2f908e53,VALID,,true,infinitive,governed_infinitive,[],non-gold-v3-to-too-two-0120-to-too-two-02,Katie Sanderson,2026-09-10T18:03:04Z,true,false,Katie Sanderson reviewed and copied this human decision.
1,v3-to-too-two-0121-to-too-two-01,TO_TOO_TWO,22cbd8b63c7fdccee2d11a31f9d11e8b657e5cab19470445c4eaba502ce9e1f1,VALID,,true,numeral,ordinary_count_numeral,[],non-gold-v3-to-too-two-0121-to-too-two-01,Katie Sanderson,2026-09-10T18:03:04Z,true,false,Katie Sanderson reviewed and copied this human decision.
1,v3-to-too-two-0122-to-too-two-01,TO_TOO_TWO,571df7211df210a5fb41c9bc3437a3d3376b2c44d222814311685d9f9c85ca0a,VALID,,true,numeral,ordinary_count_numeral,[],non-gold-v3-to-too-two-0122-to-too-two-01,Katie Sanderson,2026-09-10T18:03:04Z,true,false,Katie Sanderson reviewed and copied this human decision.
1,v3-to-too-two-0123-to-too-two-01,TO_TOO_TWO,4624713f98d1019bdc3478f182947de4c286867eae3d4e701ef927cba5f5565c,VALID,,true,numeral,ordinary_count_numeral,[],non-gold-v3-to-too-two-0123-to-too-two-01,Katie Sanderson,2026-09-10T18:03:04Z,true,false,Katie Sanderson reviewed and copied this human decision.
1,v3-to-too-two-0124-to-too-two-01,TO_TOO_TWO,0a19e5a3abfc23f477c6aa7f77987fb1d567ab6e021be222b10540b6c4f2a717,VALID,,true,numeral,ordinary_count_numeral,[],non-gold-v3-to-too-two-0124-to-too-two-01,Katie Sanderson,2026-09-10T18:03:04Z,true,false,Katie Sanderson reviewed and copied this human decision.
1,v3-to-too-two-0125-to-too-two-01,TO_TOO_TWO,76f48b5c2b004273771249df04e53c4ed90b81c30a16c2af99f66558b1aff720,VALID,,true,numeral,ordinary_count_numeral,[],non-gold-v3-to-too-two-0125-to-too-two-01,Katie Sanderson,2026-09-10T18:03:04Z,true,false,Katie Sanderson reviewed and copied this human decision.
1,v3-to-too-two-0125-to-too-two-02,TO_TOO_TWO,d2a5b57bf6ffe69a777d9a198bc5efb1a8f5ccbcc463c18e2070534813be13be,VALID,,true,infinitive,governed_infinitive,[],non-gold-v3-to-too-two-0125-to-too-two-02,Katie Sanderson,2026-09-10T18:03:04Z,true,false,Katie Sanderson reviewed and copied this human decision.
1,v3-to-too-two-0126-to-too-two-01,TO_TOO_TWO,7f8491a9488cd9001db942e30ca11afedb33bc5c7fa158792357618ab3633fcc,VALID,,true,numeral,ordinary_count_numeral,[],non-gold-v3-to-too-two-0126-to-too-two-01,Katie Sanderson,2026-09-10T18:03:04Z,true,false,Katie Sanderson reviewed and copied this human decision.
1,v3-to-too-two-0127-to-too-two-01,TO_TOO_TWO,703451f166f60598952239c794a84b3ada2d540087b28ecba0b05c708be004ab,VALID,,true,numeral,ordinary_count_numeral,[],non-gold-v3-to-too-two-0127-to-too-two-01,Katie Sanderson,2026-09-10T18:03:04Z,true,false,Katie Sanderson reviewed and copied this human decision.
1,v3-to-too-two-0127-to-too-two-02,TO_TOO_TWO,0ef757e8b14c4a7da9d6c9cc3cc256b06b133350284699a5d157c7646fbc953d,VALID,,true,infinitive,governed_infinitive,[],non-gold-v3-to-too-two-0127-to-too-two-02,Katie Sanderson,2026-09-10T18:03:04Z,true,false,Katie Sanderson reviewed and copied this human decision.
1,v3-to-too-two-0128-to-too-two-01,TO_TOO_TWO,68d1855634ebf7dec09590c25b399784cb4f6f3c0ad6d0ef1062e7e5796dd9c6,VALID,,true,numeral,ordinary_count_numeral,[],non-gold-v3-to-too-two-0128-to-too-two-01,Katie Sanderson,2026-09-10T18:03:04Z,true,false,Katie Sanderson reviewed and copied this human decision.
1,v3-to-too-two-0129-to-too-two-01,TO_TOO_TWO,e063257d1e594f6e8ed3d611b6e72f78561b2d54a9c8cdf558eb66a35f95d5d1,VALID,,true,numeral,ordinary_count_numeral,[],non-gold-v3-to-too-two-0129-to-too-two-01,Katie Sanderson,2026-09-10T18:03:04Z,true,false,Katie Sanderson reviewed and copied this human decision.
1,v3-to-too-two-0129-to-too-two-02,TO_TOO_TWO,c27167f24cecd5415d661f8655e0ec256cdce3d163b3bdc4c741d723fe484e94,VALID,,true,infinitive,governed_infinitive,[],non-gold-v3-to-too-two-0129-to-too-two-02,Katie Sanderson,2026-09-10T18:03:04Z,true,false,Katie Sanderson reviewed and copied this human decision.
1,v3-to-too-two-0130-to-too-two-01,TO_TOO_TWO,a571a95f8b6dc64d14bc0df2d4f652e4b4895152f783d3a149125b41ed9088fe,VALID,,true,numeral,ordinary_count_numeral,[],non-gold-v3-to-too-two-0130-to-too-two-01,Katie Sanderson,2026-09-10T18:03:04Z,true,false,Katie Sanderson reviewed and copied this human decision.
1,v3-to-too-two-0131-to-too-two-01,TO_TOO_TWO,cde10876e85cff9c01132dd88b3fa03cea3d3a0659f0ed7a19b168e3d7fd767c,VALID,,true,numeral,ordinary_count_numeral,[],non-gold-v3-to-too-two-0131-to-too-two-01,Katie Sanderson,2026-09-10T18:03:04Z,true,false,Katie Sanderson reviewed and copied this human decision.
1,v3-to-too-two-0131-to-too-two-02,TO_TOO_TWO,b654886181394acdba367a535bd4f9f57a23ecf194e9cc82ff0f911b1a4a4c60,VALID,,true,infinitive,governed_infinitive,[],non-gold-v3-to-too-two-0131-to-too-two-02,Katie Sanderson,2026-09-10T18:03:04Z,true,false,Katie Sanderson reviewed and copied this human decision.
1,v3-to-too-two-0132-to-too-two-01,TO_TOO_TWO,6ce680a7cc8ae2c60a242cdd02c6c37ecd1b877692aeafdde2f93b43523c08ad,VALID,,true,numeral,ordinary_count_numeral,[],non-gold-v3-to-too-two-0132-to-too-two-01,Katie Sanderson,2026-09-10T18:03:04Z,true,false,Katie Sanderson reviewed and copied this human decision.
1,v3-to-too-two-0133-to-too-two-01,TO_TOO_TWO,6a03533c3ba32656d20d9f4229be59af1093717aba23726c700d7a9b1d94112b,VALID,,true,numeral,ordinary_count_numeral,[],non-gold-v3-to-too-two-0133-to-too-two-01,Katie Sanderson,2026-09-10T18:03:04Z,true,false,Katie Sanderson reviewed and copied this human decision.
1,v3-to-too-two-0134-to-too-two-01,TO_TOO_TWO,6f73e8e4c22924eda1d214614dcd6bb2da6ff9b09d0432539d8167eead415ebd,VALID,,true,numeral,ordinary_count_numeral,[],non-gold-v3-to-too-two-0134-to-too-two-01,Katie Sanderson,2026-09-10T18:03:04Z,true,false,Katie Sanderson reviewed and copied this human decision.
1,v3-to-too-two-0135-to-too-two-01,TO_TOO_TWO,5281b9c880df35e3a52813d6fff5d4981b30ed0488ccf17c4a139532f3f7197c,VALID,,true,numeral,ordinary_count_numeral,[],non-gold-v3-to-too-two-0135-to-too-two-01,Katie Sanderson,2026-09-10T18:03:04Z,true,false,Katie Sanderson reviewed and copied this human decision.
1,v3-to-too-two-0136-to-too-two-01,TO_TOO_TWO,03a85b31d0b545887cc3278cb602a211c2560bcab71d6da05146707a9b0e33d9,VALID,,true,numeral,ordinary_count_numeral,[],non-gold-v3-to-too-two-0136-to-too-two-01,Katie Sanderson,2026-09-10T18:03:04Z,true,false,Katie Sanderson reviewed and copied this human decision.
1,v3-to-too-two-0137-to-too-two-01,TO_TOO_TWO,8d286d9342f200927ed6257cd4683af41e59de7b77b675436182e9e6c1d8ab13,VALID,,true,numeral,ordinary_count_numeral,[],non-gold-v3-to-too-two-0137-to-too-two-01,Katie Sanderson,2026-09-10T18:03:04Z,true,false,Katie Sanderson reviewed and copied this human decision.
1,v3-to-too-two-0138-to-too-two-01,TO_TOO_TWO,70b2fb3a0a80eb756a338b6e6a1ec36244fc82314b887812ef231b8f030a3ef0,VALID,,true,numeral,ordinary_count_numeral,[],non-gold-v3-to-too-two-0138-to-too-two-01,Katie Sanderson,2026-09-10T18:03:04Z,true,false,Katie Sanderson reviewed and copied this human decision.
1,v3-to-too-two-0139-to-too-two-01,TO_TOO_TWO,e8692126556362fe87533ca75745484497d9164044ed748b4179d428a5c783d4,VALID,,true,numeral,ordinary_count_numeral,[],non-gold-v3-to-too-two-0139-to-too-two-01,Katie Sanderson,2026-09-10T18:03:04Z,true,false,Katie Sanderson reviewed and copied this human decision.
1,v3-to-too-two-0140-to-too-two-01,TO_TOO_TWO,c4c9cb7386140d8f151b75b4d269c45fbe1ddcdf073b3e27dfc2f4ff0d4b5b3a,VALID,,true,numeral,ordinary_count_numeral,[],non-gold-v3-to-too-two-0140-to-too-two-01,Katie Sanderson,2026-09-10T18:03:04Z,true,false,Katie Sanderson reviewed and copied this human decision.
1,v3-to-too-two-0141-to-too-two-01,TO_TOO_TWO,04147e84a8240b668fa6852db0c82061470a5cf8abdc162accbb142d5fe8be46,VALID,,true,numeral,ordinary_count_numeral,[],non-gold-v3-to-too-two-0141-to-too-two-01,Katie Sanderson,2026-09-10T18:03:04Z,true,false,Katie Sanderson reviewed and copied this human decision.
1,v3-to-too-two-0142-to-too-two-01,TO_TOO_TWO,fb4edbdbb8b893af8d221b1935baad00e09f1632e6420d7609db016bbf0845e3,VALID,,true,numeral,ordinary_count_numeral,[],non-gold-v3-to-too-two-0142-to-too-two-01,Katie Sanderson,2026-09-10T18:03:04Z,true,false,Katie Sanderson reviewed and copied this human decision.
1,v3-to-too-two-0143-to-too-two-01,TO_TOO_TWO,e277a7014f70e6c4092fbec397078bea3fa6da80dced268419dec117ee76ccc4,VALID,,true,numeral,ordinary_count_numeral,[],non-gold-v3-to-too-two-0143-to-too-two-01,Katie Sanderson,2026-09-10T18:03:04Z,true,false,Katie Sanderson reviewed and copied this human decision.
1,v3-to-too-two-0144-to-too-two-01,TO_TOO_TWO,c2aad6e88ab28df4439751c008fd9b4da33f1f9a0f282789a4a315dae8ecf2f8,VALID,,true,numeral,ordinary_count_numeral,[],non-gold-v3-to-too-two-0144-to-too-two-01,Katie Sanderson,2026-09-10T18:03:04Z,true,false,Katie Sanderson reviewed and copied this human decision.
1,v3-to-too-two-0145-to-too-two-01,TO_TOO_TWO,77e7870127afcc85285357267850102c75a23279f3c08b3d5be9551d956ecd77,VALID,,true,numeral,ordinary_count_numeral,[],non-gold-v3-to-too-two-0145-to-too-two-01,Katie Sanderson,2026-09-10T18:03:04Z,true,false,Katie Sanderson reviewed and copied this human decision.
1,v3-to-too-two-0146-to-too-two-01,TO_TOO_TWO,24cef89649de23b69cd80172d047294a3a3e9757a886bee44258ce8f795c84f5,VALID,,true,numeral,ordinary_count_numeral,[],non-gold-v3-to-too-two-0146-to-too-two-01,Katie Sanderson,2026-09-10T18:03:04Z,true,false,Katie Sanderson reviewed and copied this human decision.
1,v3-to-too-two-0147-to-too-two-01,TO_TOO_TWO,43af1658a4f4e5ba3c0f83961a9661b27e9ac71c50b263602fed6ad7dca039c0,VALID,,true,numeral,ordinary_count_numeral,[],non-gold-v3-to-too-two-0147-to-too-two-01,Katie Sanderson,2026-09-10T18:03:04Z,true,false,Katie Sanderson reviewed and copied this human decision.
1,v3-to-too-two-0148-to-too-two-01,TO_TOO_TWO,66d9e3391a91e041de241e2954615847e3a346926ea717b8ad725f2f5c3281c5,VALID,,true,numeral,ordinary_count_numeral,[],non-gold-v3-to-too-two-0148-to-too-two-01,Katie Sanderson,2026-09-10T18:03:04Z,true,false,Katie Sanderson reviewed and copied this human decision.
1,v3-to-too-two-0149-to-too-two-01,TO_TOO_TWO,dfe23d8210ba983db3e19de1903e13aae58df1da1153fb72ddcb31dacfb93fd6,VALID,,true,numeral,ordinary_count_numeral,[],non-gold-v3-to-too-two-0149-to-too-two-01,Katie Sanderson,2026-09-10T18:03:04Z,true,false,Katie Sanderson reviewed and copied this human decision.
1,v3-to-too-two-0149-to-too-two-02,TO_TOO_TWO,f64e989356bc06114d5d91998912716b2eb74359a2755cdbc6e58a1768b6eb4f,VALID,,true,infinitive,governed_infinitive,[],non-gold-v3-to-too-two-0149-to-too-two-02,Katie Sanderson,2026-09-10T18:03:04Z,true,false,Katie Sanderson reviewed and copied this human decision.
1,v3-to-too-two-0150-to-too-two-01,TO_TOO_TWO,da3d9be1ce537e2e30c6fee9743a7f8c6425ff45f90dbcb3f089d192deddb93b,VALID,,true,numeral,ordinary_count_numeral,[],non-gold-v3-to-too-two-0150-to-too-two-01,Katie Sanderson,2026-09-10T18:03:04Z,true,false,Katie Sanderson reviewed and copied this human decision.
1,v3-to-too-two-0151-to-too-two-01,TO_TOO_TWO,ce1ec4a0501f07457386316527afcb60e74f5951c97e07e77bdee0f4d4b5f3cc,INVALID,to,true,preposition,destination_or_recipient_preposition,[],non-gold-v3-to-too-two-0151-to-too-two-01,Katie Sanderson,2026-09-10T18:03:04Z,true,false,Katie Sanderson reviewed and copied this human decision.
1,v3-to-too-two-0152-to-too-two-01,TO_TOO_TWO,11c5b0b1115a0539c78f1de8b52adf55fdc22582decbdeb9eb9f556250bc4ac5,INVALID,to,true,preposition,destination_or_recipient_preposition,[],non-gold-v3-to-too-two-0152-to-too-two-01,Katie Sanderson,2026-09-10T18:03:04Z,true,false,Katie Sanderson reviewed and copied this human decision.
1,v3-to-too-two-0153-to-too-two-01,TO_TOO_TWO,81239e7dddcb69e5bc8a73457b7708d214bbe935fc05bd62f9aaa20f0423dbea,INVALID,to,true,preposition,destination_or_recipient_preposition,[],non-gold-v3-to-too-two-0153-to-too-two-01,Katie Sanderson,2026-09-10T18:03:04Z,true,false,Katie Sanderson reviewed and copied this human decision.
1,v3-to-too-two-0154-to-too-two-01,TO_TOO_TWO,666463baf18d4533b087f4328ee0a9570adf5ac4e5fc45c0b80343a62c38fefe,INVALID,to,true,preposition,destination_or_recipient_preposition,[],non-gold-v3-to-too-two-0154-to-too-two-01,Katie Sanderson,2026-09-10T18:03:04Z,true,false,Katie Sanderson reviewed and copied this human decision.
1,v3-to-too-two-0155-to-too-two-01,TO_TOO_TWO,b544604f0afa2c5c2f3c190d1abc0d1d6cc6a2c0875459b2c00db7dd27f67497,INVALID,to,true,preposition,destination_or_recipient_preposition,[],non-gold-v3-to-too-two-0155-to-too-two-01,Katie Sanderson,2026-09-10T18:03:04Z,true,false,Katie Sanderson reviewed and copied this human decision.
1,v3-to-too-two-0156-to-too-two-01,TO_TOO_TWO,30db92587b4382f9c511fb0d2791718bf504024b93f6f4ffbbe26f031c3b5e36,INVALID,to,true,preposition,destination_or_recipient_preposition,[],non-gold-v3-to-too-two-0156-to-too-two-01,Katie Sanderson,2026-09-10T18:03:04Z,true,false,Katie Sanderson reviewed and copied this human decision.
1,v3-to-too-two-0157-to-too-two-01,TO_TOO_TWO,0af6f56d706114e96cfa06008d12838027432c1c900758bf02e8488031ed0d68,INVALID,to,true,preposition,destination_or_recipient_preposition,[],non-gold-v3-to-too-two-0157-to-too-two-01,Katie Sanderson,2026-09-10T18:03:04Z,true,false,Katie Sanderson reviewed and copied this human decision.
1,v3-to-too-two-0158-to-too-two-01,TO_TOO_TWO,7f1663425525a4a22afea14c94a3708b3a95aab537dbe94e99736008a34c8938,INVALID,to,true,preposition,destination_or_recipient_preposition,[],non-gold-v3-to-too-two-0158-to-too-two-01,Katie Sanderson,2026-09-10T18:03:04Z,true,false,Katie Sanderson reviewed and copied this human decision.
1,v3-to-too-two-0159-to-too-two-01,TO_TOO_TWO,0cc960d0c890aa7d1834485d91299d901f4b2f2e45587888cd98b3b9d705c9ea,INVALID,to,true,preposition,destination_or_recipient_preposition,[],non-gold-v3-to-too-two-0159-to-too-two-01,Katie Sanderson,2026-09-10T18:03:04Z,true,false,Katie Sanderson reviewed and copied this human decision.
1,v3-to-too-two-0160-to-too-two-01,TO_TOO_TWO,e689176d2c8b3dda3ea97e5c123742545e62d53eb7c12851f975801ee59c855a,INVALID,to,true,preposition,destination_or_recipient_preposition,[],non-gold-v3-to-too-two-0160-to-too-two-01,Katie Sanderson,2026-09-10T18:03:04Z,true,false,Katie Sanderson reviewed and copied this human decision.
1,v3-to-too-two-0161-to-too-two-01,TO_TOO_TWO,e28cf365cd1a0aafd91a3ace327c0c20321f684159d155953075419d26c73893,INVALID,to,true,preposition,destination_or_recipient_preposition,[],non-gold-v3-to-too-two-0161-to-too-two-01,Katie Sanderson,2026-09-10T18:03:04Z,true,false,Katie Sanderson reviewed and copied this human decision.
1,v3-to-too-two-0162-to-too-two-01,TO_TOO_TWO,422ccc10e0cbdf02518780bfd13b5cce439cabaa5603b179da14b1d170ae0e44,INVALID,to,true,preposition,destination_or_recipient_preposition,[],non-gold-v3-to-too-two-0162-to-too-two-01,Katie Sanderson,2026-09-10T18:03:04Z,true,false,Katie Sanderson reviewed and copied this human decision.
1,v3-to-too-two-0163-to-too-two-01,TO_TOO_TWO,00dfe786493210cb1aca7b271881a09f8e6949f5b73f954394c51924dbe89cb4,INVALID,to,true,preposition,destination_or_recipient_preposition,[],non-gold-v3-to-too-two-0163-to-too-two-01,Katie Sanderson,2026-09-10T18:03:04Z,true,false,Katie Sanderson reviewed and copied this human decision.
1,v3-to-too-two-0164-to-too-two-01,TO_TOO_TWO,cbcb825e35090024e725d8a5573c6e1fc3181a6cf18e1c88177e04af23bed9dd,INVALID,to,true,preposition,destination_or_recipient_preposition,[],non-gold-v3-to-too-two-0164-to-too-two-01,Katie Sanderson,2026-09-10T18:03:04Z,true,false,Katie Sanderson reviewed and copied this human decision.
1,v3-to-too-two-0165-to-too-two-01,TO_TOO_TWO,b24d260346ee38d174c88fa883e9fd42c17474389628a2ad3eed184d47c50047,INVALID,to,true,preposition,destination_or_recipient_preposition,[],non-gold-v3-to-too-two-0165-to-too-two-01,Katie Sanderson,2026-09-10T18:03:04Z,true,false,Katie Sanderson reviewed and copied this human decision.
1,v3-to-too-two-0166-to-too-two-01,TO_TOO_TWO,d4fe86d38ee0bb5e82cb2923205389127dbb27f775d1b914342a11b561b0fe9d,INVALID,to,true,preposition,destination_or_recipient_preposition,[],non-gold-v3-to-too-two-0166-to-too-two-01,Katie Sanderson,2026-09-10T18:03:04Z,true,false,Katie Sanderson reviewed and copied this human decision.
1,v3-to-too-two-0167-to-too-two-01,TO_TOO_TWO,5c23bf9a8ff6ebf38746d3bf2e1694e0af345aea93fda6bd36dce21ec35e5814,INVALID,to,true,preposition,destination_or_recipient_preposition,[],non-gold-v3-to-too-two-0167-to-too-two-01,Katie Sanderson,2026-09-10T18:03:04Z,true,false,Katie Sanderson reviewed and copied this human decision.
1,v3-to-too-two-0168-to-too-two-01,TO_TOO_TWO,96d41609a96ad54d2e54dc76c5e811da0dd8a092828835f7a4b185c8b495f61e,INVALID,to,true,preposition,destination_or_recipient_preposition,[],non-gold-v3-to-too-two-0168-to-too-two-01,Katie Sanderson,2026-09-10T18:03:04Z,true,false,Katie Sanderson reviewed and copied this human decision.
1,v3-to-too-two-0169-to-too-two-01,TO_TOO_TWO,96126a1f9ea30d6c153d29cdbcc549ce2f6ce71905a1b7525d34f5fda06c31be,INVALID,to,true,preposition,destination_or_recipient_preposition,[],non-gold-v3-to-too-two-0169-to-too-two-01,Katie Sanderson,2026-09-10T18:03:04Z,true,false,Katie Sanderson reviewed and copied this human decision.
1,v3-to-too-two-0170-to-too-two-01,TO_TOO_TWO,54e8f1a18071484a8c1c681a655d460cfb6bc00682b5a6c999c4d99b3290947f,INVALID,to,true,preposition,destination_or_recipient_preposition,[],non-gold-v3-to-too-two-0170-to-too-two-01,Katie Sanderson,2026-09-10T18:03:04Z,true,false,Katie Sanderson reviewed and copied this human decision.
1,v3-to-too-two-0171-to-too-two-01,TO_TOO_TWO,1ea40b47cabe2e92a5746812cecce3165b5b67a2617947550d4fffd9ca095ea4,INVALID,to,true,preposition,destination_or_recipient_preposition,[],non-gold-v3-to-too-two-0171-to-too-two-01,Katie Sanderson,2026-09-10T18:03:04Z,true,false,Katie Sanderson reviewed and copied this human decision.
1,v3-to-too-two-0172-to-too-two-01,TO_TOO_TWO,96ca48795efb3d016862ee6bd64f7a2c00113a59b732569f35de230977b9fed4,INVALID,to,true,preposition,destination_or_recipient_preposition,[],non-gold-v3-to-too-two-0172-to-too-two-01,Katie Sanderson,2026-09-10T18:03:04Z,true,false,Katie Sanderson reviewed and copied this human decision.
1,v3-to-too-two-0173-to-too-two-01,TO_TOO_TWO,9f08133d63f5132a6a6c3e814af7dd8bf5067875c01f3a41abe8b52f30b04139,INVALID,to,true,preposition,destination_or_recipient_preposition,[],non-gold-v3-to-too-two-0173-to-too-two-01,Katie Sanderson,2026-09-10T18:03:04Z,true,false,Katie Sanderson reviewed and copied this human decision.
1,v3-to-too-two-0174-to-too-two-01,TO_TOO_TWO,8970811106ae0c11a2317e5ed576eada9a60fd298ad1b4e6f351fee183ca3966,INVALID,to,true,preposition,destination_or_recipient_preposition,[],non-gold-v3-to-too-two-0174-to-too-two-01,Katie Sanderson,2026-09-10T18:03:04Z,true,false,Katie Sanderson reviewed and copied this human decision.
1,v3-to-too-two-0175-to-too-two-01,TO_TOO_TWO,5e63556a0f8181cda4f09303475f6b8292ef715c61c9cfa805bb5f6c3e034907,INVALID,to,true,preposition,destination_or_recipient_preposition,[],non-gold-v3-to-too-two-0175-to-too-two-01,Katie Sanderson,2026-09-10T18:03:04Z,true,false,Katie Sanderson reviewed and copied this human decision.
1,v3-to-too-two-0176-to-too-two-01,TO_TOO_TWO,eade81f98155f4fbbf2e24d37206d7e3b0ebf22b4c0557eb2f493e8671bb2a4e,INVALID,to,true,preposition,destination_or_recipient_preposition,[],non-gold-v3-to-too-two-0176-to-too-two-01,Katie Sanderson,2026-09-10T18:03:04Z,true,false,Katie Sanderson reviewed and copied this human decision.
1,v3-to-too-two-0177-to-too-two-01,TO_TOO_TWO,c0eff8a2d50de02a32a03772314f623c72734505317d95e5a5e6f04d9d886a94,INVALID,to,true,preposition,destination_or_recipient_preposition,[],non-gold-v3-to-too-two-0177-to-too-two-01,Katie Sanderson,2026-09-10T18:03:04Z,true,false,Katie Sanderson reviewed and copied this human decision.
1,v3-to-too-two-0178-to-too-two-01,TO_TOO_TWO,0d34a8fa5192eea33ca10aa3ed6a9ee31a043f227f3007bf7ffc56d122329b90,INVALID,to,true,preposition,destination_or_recipient_preposition,[],non-gold-v3-to-too-two-0178-to-too-two-01,Katie Sanderson,2026-09-10T18:03:04Z,true,false,Katie Sanderson reviewed and copied this human decision.
1,v3-to-too-two-0179-to-too-two-01,TO_TOO_TWO,dcca7df0319b67b06f553396b939d258c873548173e37e15d3be1f77a00b9d15,INVALID,to,true,preposition,destination_or_recipient_preposition,[],non-gold-v3-to-too-two-0179-to-too-two-01,Katie Sanderson,2026-09-10T18:03:04Z,true,false,Katie Sanderson reviewed and copied this human decision.
1,v3-to-too-two-0180-to-too-two-01,TO_TOO_TWO,afdd4e9e6dd67602544d376a4e0a9a37d47e70b2e65f1617579e7862e4ce8891,INVALID,to,true,preposition,destination_or_recipient_preposition,[],non-gold-v3-to-too-two-0180-to-too-two-01,Katie Sanderson,2026-09-10T18:03:04Z,true,false,Katie Sanderson reviewed and copied this human decision.
1,v3-to-too-two-0181-to-too-two-01,TO_TOO_TWO,91459e94c47f28f518114f4016d61860f5d3ab673f3f8e98dee339f70758b812,INVALID,to,true,infinitive,governed_infinitive,[],non-gold-v3-to-too-two-0181-to-too-two-01,Katie Sanderson,2026-09-10T18:03:04Z,true,false,Katie Sanderson reviewed and copied this human decision.
1,v3-to-too-two-0181-to-too-two-02,TO_TOO_TWO,d36a9581638bbd93b75d7b7926b873089aebbf20583383614b9a4450970d22f8,VALID,,true,infinitive,governed_infinitive,[],non-gold-v3-to-too-two-0181-to-too-two-02,Katie Sanderson,2026-09-10T18:03:04Z,true,false,Katie Sanderson reviewed and copied this human decision.
1,v3-to-too-two-0182-to-too-two-01,TO_TOO_TWO,30d605238f29101dd7f4b54b27ed96e5b2c9dc108294bc44c9ea0e2dbf9fc6cc,INVALID,to,true,infinitive,governed_infinitive,[],non-gold-v3-to-too-two-0182-to-too-two-01,Katie Sanderson,2026-09-10T18:03:04Z,true,false,Katie Sanderson reviewed and copied this human decision.
1,v3-to-too-two-0183-to-too-two-01,TO_TOO_TWO,74e1227274e91989827709054b20bbcbee21449c1bb6c5e05c00e52645afa68c,INVALID,to,true,infinitive,governed_infinitive,[],non-gold-v3-to-too-two-0183-to-too-two-01,Katie Sanderson,2026-09-10T18:03:04Z,true,false,Katie Sanderson reviewed and copied this human decision.
1,v3-to-too-two-0184-to-too-two-01,TO_TOO_TWO,d0f9443f79d8eac3a66dffb1e16977969699ac41b56233c072e936ede5e674d5,INVALID,to,true,infinitive,governed_infinitive,[],non-gold-v3-to-too-two-0184-to-too-two-01,Katie Sanderson,2026-09-10T18:03:04Z,true,false,Katie Sanderson reviewed and copied this human decision.
1,v3-to-too-two-0185-to-too-two-01,TO_TOO_TWO,0092be8a4f660f34515e8998e061cff592be989969351988e752bf466c64c1e2,INVALID,to,true,infinitive,governed_infinitive,[],non-gold-v3-to-too-two-0185-to-too-two-01,Katie Sanderson,2026-09-10T18:03:04Z,true,false,Katie Sanderson reviewed and copied this human decision.
1,v3-to-too-two-0186-to-too-two-01,TO_TOO_TWO,8fcbe2f5e0cbd635728579468dee69ee3311b9c0506c1742a318322cd2f62f42,INVALID,to,true,infinitive,governed_infinitive,[],non-gold-v3-to-too-two-0186-to-too-two-01,Katie Sanderson,2026-09-10T18:03:04Z,true,false,Katie Sanderson reviewed and copied this human decision.
1,v3-to-too-two-0187-to-too-two-01,TO_TOO_TWO,cae5edcb68785731d2dd73139ec55073a157aa2065e35f5fc27ac99ee907d991,INVALID,to,true,infinitive,governed_infinitive,[],non-gold-v3-to-too-two-0187-to-too-two-01,Katie Sanderson,2026-09-10T18:03:04Z,true,false,Katie Sanderson reviewed and copied this human decision.
1,v3-to-too-two-0188-to-too-two-01,TO_TOO_TWO,7c7eb6cd1cc1e927b7257af6970ca31d7c0a525488685853299127d54ce57108,INVALID,to,true,infinitive,governed_infinitive,[],non-gold-v3-to-too-two-0188-to-too-two-01,Katie Sanderson,2026-09-10T18:03:04Z,true,false,Katie Sanderson reviewed and copied this human decision.
1,v3-to-too-two-0189-to-too-two-01,TO_TOO_TWO,62099af0eb0af4360ab4d573106139296a44f3b4eac4043da50efd55ff5a06e1,INVALID,to,true,infinitive,governed_infinitive,[],non-gold-v3-to-too-two-0189-to-too-two-01,Katie Sanderson,2026-09-10T18:03:04Z,true,false,Katie Sanderson reviewed and copied this human decision.
1,v3-to-too-two-0190-to-too-two-01,TO_TOO_TWO,895d9ac52884b5d90a77b581f362cdba120aeabd78f18f74864ac075fb9843c2,INVALID,to,true,infinitive,governed_infinitive,[],non-gold-v3-to-too-two-0190-to-too-two-01,Katie Sanderson,2026-09-10T18:03:04Z,true,false,Katie Sanderson reviewed and copied this human decision.
1,v3-to-too-two-0191-to-too-two-01,TO_TOO_TWO,9f12f7b382e5ae2c5b00bf51263693c07466e6257e9d3e63127d975b0670028c,INVALID,to,true,infinitive,governed_infinitive,[],non-gold-v3-to-too-two-0191-to-too-two-01,Katie Sanderson,2026-09-10T18:03:04Z,true,false,Katie Sanderson reviewed and copied this human decision.
1,v3-to-too-two-0192-to-too-two-01,TO_TOO_TWO,f2ede1938246f2e1dd26da8e9618ff5968b5f389c1bcd9642e3bf201bce71337,INVALID,to,true,infinitive,governed_infinitive,[],non-gold-v3-to-too-two-0192-to-too-two-01,Katie Sanderson,2026-09-10T18:03:04Z,true,false,Katie Sanderson reviewed and copied this human decision.
1,v3-to-too-two-0193-to-too-two-01,TO_TOO_TWO,b1ccd50a25f3c67ca1a18e2584f91119788b4f6a83704af6038a7a06869f9db0,INVALID,to,true,infinitive,governed_infinitive,[],non-gold-v3-to-too-two-0193-to-too-two-01,Katie Sanderson,2026-09-10T18:03:04Z,true,false,Katie Sanderson reviewed and copied this human decision.
1,v3-to-too-two-0194-to-too-two-01,TO_TOO_TWO,49f8ff2eeee0a5c37b87018210483607da07456df5b61ed22723ee5c290f8ede,INVALID,to,true,infinitive,governed_infinitive,[],non-gold-v3-to-too-two-0194-to-too-two-01,Katie Sanderson,2026-09-10T18:03:04Z,true,false,Katie Sanderson reviewed and copied this human decision.
1,v3-to-too-two-0195-to-too-two-01,TO_TOO_TWO,616ad6e21820dd7924626f5d044ae99532870313d30dcdc18a9fa7ae83f858b1,INVALID,to,true,infinitive,governed_infinitive,[],non-gold-v3-to-too-two-0195-to-too-two-01,Katie Sanderson,2026-09-10T18:03:04Z,true,false,Katie Sanderson reviewed and copied this human decision.
1,v3-to-too-two-0196-to-too-two-01,TO_TOO_TWO,30d5cf0f91847236a4c5f4b1b87a3ed9dcac44385b2963261ac6fda6e5488ef0,INVALID,to,true,infinitive,governed_infinitive,[],non-gold-v3-to-too-two-0196-to-too-two-01,Katie Sanderson,2026-09-10T18:03:04Z,true,false,Katie Sanderson reviewed and copied this human decision.
1,v3-to-too-two-0197-to-too-two-01,TO_TOO_TWO,1ab68e235755e053c2a605665a24edb38a044fc33bbec834a21332455579a32a,INVALID,to,true,infinitive,governed_infinitive,[],non-gold-v3-to-too-two-0197-to-too-two-01,Katie Sanderson,2026-09-10T18:03:04Z,true,false,Katie Sanderson reviewed and copied this human decision.
1,v3-to-too-two-0198-to-too-two-01,TO_TOO_TWO,91f175e37a20110909bc513bb06582f87db82c72e7ba0dd71cdcc62f2f1a24f3,INVALID,to,true,infinitive,governed_infinitive,[],non-gold-v3-to-too-two-0198-to-too-two-01,Katie Sanderson,2026-09-10T18:03:04Z,true,false,Katie Sanderson reviewed and copied this human decision.
1,v3-to-too-two-0199-to-too-two-01,TO_TOO_TWO,95c8475262f078e77892edab0e0c689cd4193a616f429b8919039426ae4cf5f6,INVALID,to,true,infinitive,governed_infinitive,[],non-gold-v3-to-too-two-0199-to-too-two-01,Katie Sanderson,2026-09-10T18:03:04Z,true,false,Katie Sanderson reviewed and copied this human decision.
1,v3-to-too-two-0200-to-too-two-01,TO_TOO_TWO,182021db5502a725ac8959c4e9de30ae61911815566b0ed7d90f4b3f3f313fa3,INVALID,to,true,infinitive,governed_infinitive,[],non-gold-v3-to-too-two-0200-to-too-two-01,Katie Sanderson,2026-09-10T18:03:04Z,true,false,Katie Sanderson reviewed and copied this human decision.
1,v3-to-too-two-0201-to-too-two-01,TO_TOO_TWO,3c35075745a5920c9f82a7643685ff2ccaceef71f0edbb887e3e416a684b593e,INVALID,to,true,infinitive,governed_infinitive,[],non-gold-v3-to-too-two-0201-to-too-two-01,Katie Sanderson,2026-09-10T18:03:04Z,true,false,Katie Sanderson reviewed and copied this human decision.
1,v3-to-too-two-0202-to-too-two-01,TO_TOO_TWO,909317e7b0f3bdab7339500fd29fab4e76a096378349b755f9b5d308b3b18458,INVALID,to,true,infinitive,governed_infinitive,[],non-gold-v3-to-too-two-0202-to-too-two-01,Katie Sanderson,2026-09-10T18:03:04Z,true,false,Katie Sanderson reviewed and copied this human decision.
1,v3-to-too-two-0203-to-too-two-01,TO_TOO_TWO,f8e3aedf81a1527a5eb1f8e82964c11579827dbdffec631df8cd25a5170bd737,INVALID,to,true,infinitive,governed_infinitive,[],non-gold-v3-to-too-two-0203-to-too-two-01,Katie Sanderson,2026-09-10T18:03:04Z,true,false,Katie Sanderson reviewed and copied this human decision.
1,v3-to-too-two-0204-to-too-two-01,TO_TOO_TWO,3d1ad9c7ee6ed17c658620773dda9f047f8b9cb359236fa8d5d6b05cf559b675,INVALID,to,true,infinitive,governed_infinitive,[],non-gold-v3-to-too-two-0204-to-too-two-01,Katie Sanderson,2026-09-10T18:03:04Z,true,false,Katie Sanderson reviewed and copied this human decision.
1,v3-to-too-two-0205-to-too-two-01,TO_TOO_TWO,e1959ef7e3a29aff1cdab2b36ea4b14c474526f53f573ca7897a79fc2996ecd1,INVALID,to,true,infinitive,governed_infinitive,[],non-gold-v3-to-too-two-0205-to-too-two-01,Katie Sanderson,2026-09-10T18:03:04Z,true,false,Katie Sanderson reviewed and copied this human decision.
1,v3-to-too-two-0206-to-too-two-01,TO_TOO_TWO,0e339ce380048b1b83b2ca0a2a38b5806f801206b9fca13a48be576f0a6d68ab,INVALID,to,true,infinitive,governed_infinitive,[],non-gold-v3-to-too-two-0206-to-too-two-01,Katie Sanderson,2026-09-10T18:03:04Z,true,false,Katie Sanderson reviewed and copied this human decision.
1,v3-to-too-two-0206-to-too-two-02,TO_TOO_TWO,8cb179ba77880a8eb69ac86dc820c9e250937a706497ac608215a64601741933,VALID,,true,infinitive,governed_infinitive,[],non-gold-v3-to-too-two-0206-to-too-two-02,Katie Sanderson,2026-09-10T18:03:04Z,true,false,Katie Sanderson reviewed and copied this human decision.
1,v3-to-too-two-0207-to-too-two-01,TO_TOO_TWO,79f602c6d9a7237136311e74ab9a070c43c4d1a7e7374d6dac930f5f73da29dc,INVALID,to,true,infinitive,governed_infinitive,[],non-gold-v3-to-too-two-0207-to-too-two-01,Katie Sanderson,2026-09-10T18:03:04Z,true,false,Katie Sanderson reviewed and copied this human decision.
1,v3-to-too-two-0208-to-too-two-01,TO_TOO_TWO,bbdf64d49266644d0a60d09dbb9dcde8efe2c049d68008f0fc3ccc6000c9d8bb,INVALID,to,true,infinitive,governed_infinitive,[],non-gold-v3-to-too-two-0208-to-too-two-01,Katie Sanderson,2026-09-10T18:03:04Z,true,false,Katie Sanderson reviewed and copied this human decision.
1,v3-to-too-two-0209-to-too-two-01,TO_TOO_TWO,4c6c1d50c768545fb6bf57124e7f9441cc0ef38d449ebbe1442409b527987a4f,INVALID,to,true,infinitive,governed_infinitive,[],non-gold-v3-to-too-two-0209-to-too-two-01,Katie Sanderson,2026-09-10T18:03:04Z,true,false,Katie Sanderson reviewed and copied this human decision.
1,v3-to-too-two-0210-to-too-two-01,TO_TOO_TWO,8250ed897fb16796fdfaf7533dada67e3f7df81b2fb45a0eeb010b36e4476e3e,INVALID,to,true,infinitive,governed_infinitive,[],non-gold-v3-to-too-two-0210-to-too-two-01,Katie Sanderson,2026-09-10T18:03:04Z,true,false,Katie Sanderson reviewed and copied this human decision.
1,v3-to-too-two-0211-to-too-two-01,TO_TOO_TWO,a1f53a6e9a0285c93b476e7822ec674cbcb3b2bb4bd55d2b6f8e8e049134aefe,VALID,,true,infinitive,governed_infinitive,[],non-gold-v3-to-too-two-0211-to-too-two-01,Katie Sanderson,2026-09-10T18:03:04Z,true,false,Katie Sanderson reviewed and copied this human decision.
1,v3-to-too-two-0211-to-too-two-02,TO_TOO_TWO,4d7b4996992f69c7e97bf20f71edf85b3e02766be93b9f10bd3a12d917138bbb,INVALID,too,true,additive,clause_additive,[],non-gold-v3-to-too-two-0211-to-too-two-02,Katie Sanderson,2026-09-10T18:03:04Z,true,false,Katie Sanderson reviewed and copied this human decision.
1,v3-to-too-two-0211-to-too-two-03,TO_TOO_TWO,56b559c04d905b1c4a092d026d43afd953e5474773c7693c514e2e6ab3285c29,VALID,,true,infinitive,governed_infinitive,[],non-gold-v3-to-too-two-0211-to-too-two-03,Katie Sanderson,2026-09-10T18:03:04Z,true,false,Katie Sanderson reviewed and copied this human decision.
1,v3-to-too-two-0212-to-too-two-01,TO_TOO_TWO,d1634724d0821b397efdca8aa6e937e8d94ca50b869ff90fde0e4caa6bd684ee,INVALID,too,true,additive,clause_additive,[],non-gold-v3-to-too-two-0212-to-too-two-01,Katie Sanderson,2026-09-10T18:03:04Z,true,false,Katie Sanderson reviewed and copied this human decision.
1,v3-to-too-two-0213-to-too-two-01,TO_TOO_TWO,34ed0237f89b0a0d8767f196af363be88e2314b46bc6b5639ee6d34ef74a6605,INVALID,too,true,additive,clause_additive,[],non-gold-v3-to-too-two-0213-to-too-two-01,Katie Sanderson,2026-09-10T18:03:04Z,true,false,Katie Sanderson reviewed and copied this human decision.
1,v3-to-too-two-0214-to-too-two-01,TO_TOO_TWO,2f2cdf3a0f9eaeac608a990090f989e8d5dcbe0876ef8e81a52413e8c8da47b1,INVALID,too,true,additive,clause_additive,[],non-gold-v3-to-too-two-0214-to-too-two-01,Katie Sanderson,2026-09-10T18:03:04Z,true,false,Katie Sanderson reviewed and copied this human decision.
1,v3-to-too-two-0215-to-too-two-01,TO_TOO_TWO,86ffaff2116aa7d5d54219ee85296373e4aa7a52b74190bb12749a4bb7ac2088,INVALID,too,true,additive,clause_additive,[],non-gold-v3-to-too-two-0215-to-too-two-01,Katie Sanderson,2026-09-10T18:03:04Z,true,false,Katie Sanderson reviewed and copied this human decision.
1,v3-to-too-two-0216-to-too-two-01,TO_TOO_TWO,4cdd81b3debdb688f0b78a618830f5c952cc5175406227e472aaf0f1180fbab3,INVALID,too,true,additive,clause_additive,[],non-gold-v3-to-too-two-0216-to-too-two-01,Katie Sanderson,2026-09-10T18:03:04Z,true,false,Katie Sanderson reviewed and copied this human decision.
1,v3-to-too-two-0217-to-too-two-01,TO_TOO_TWO,b0486f94cc3dd152e28af71fffa0f5b69e2c11d61253d49736d337ea687cb2c6,INVALID,too,true,additive,clause_additive,[],non-gold-v3-to-too-two-0217-to-too-two-01,Katie Sanderson,2026-09-10T18:03:04Z,true,false,Katie Sanderson reviewed and copied this human decision.
1,v3-to-too-two-0217-to-too-two-02,TO_TOO_TWO,37e76099d08750a2c9f93349d4bf05462c1fa467d35466d705acc51dd60c0922,VALID,,true,infinitive,governed_infinitive,[],non-gold-v3-to-too-two-0217-to-too-two-02,Katie Sanderson,2026-09-10T18:03:04Z,true,false,Katie Sanderson reviewed and copied this human decision.
1,v3-to-too-two-0218-to-too-two-01,TO_TOO_TWO,d4965662b889ac7a906efde2fe4daceeae2957b4d74c2839faf0fab610cf9514,VALID,,true,infinitive,governed_infinitive,[],non-gold-v3-to-too-two-0218-to-too-two-01,Katie Sanderson,2026-09-10T18:03:04Z,true,false,Katie Sanderson reviewed and copied this human decision.
1,v3-to-too-two-0218-to-too-two-02,TO_TOO_TWO,86ea27b9f4f9179714832655cfe1ce866b51a72425a0d072268a89e80778a2b9,INVALID,too,true,additive,clause_additive,[],non-gold-v3-to-too-two-0218-to-too-two-02,Katie Sanderson,2026-09-10T18:03:04Z,true,false,Katie Sanderson reviewed and copied this human decision.
1,v3-to-too-two-0219-to-too-two-01,TO_TOO_TWO,7291b83224fb0c90e7e9c9633e5bd928bfb876eff658ab21f4648f8c71511174,INVALID,too,true,additive,clause_additive,[],non-gold-v3-to-too-two-0219-to-too-two-01,Katie Sanderson,2026-09-10T18:03:04Z,true,false,Katie Sanderson reviewed and copied this human decision.
1,v3-to-too-two-0220-to-too-two-01,TO_TOO_TWO,25890c2afa5c60016348fa0991d5f1af1fa92d26727246bb7e7af5c4eb32e6b9,INVALID,too,true,additive,clause_additive,[],non-gold-v3-to-too-two-0220-to-too-two-01,Katie Sanderson,2026-09-10T18:03:04Z,true,false,Katie Sanderson reviewed and copied this human decision.
1,v3-to-too-two-0221-to-too-two-01,TO_TOO_TWO,b7cbada24507ff76e75ff16bfdddad634210c8f569d35f73ae408f0da7cf7066,VALID,,true,infinitive,governed_infinitive,[],non-gold-v3-to-too-two-0221-to-too-two-01,Katie Sanderson,2026-09-10T18:03:04Z,true,false,Katie Sanderson reviewed and copied this human decision.
1,v3-to-too-two-0221-to-too-two-02,TO_TOO_TWO,be5826448451f1bfa878b9de963e1b75daf829c2fa67192d0ec78d52e6347801,INVALID,too,true,additive,clause_additive,[],non-gold-v3-to-too-two-0221-to-too-two-02,Katie Sanderson,2026-09-10T18:03:04Z,true,false,Katie Sanderson reviewed and copied this human decision.
1,v3-to-too-two-0222-to-too-two-01,TO_TOO_TWO,c2b2cd2bf6c586d21e07db73d36ef00f13c1cd2045b10346cb91428480fce211,INVALID,too,true,additive,clause_additive,[],non-gold-v3-to-too-two-0222-to-too-two-01,Katie Sanderson,2026-09-10T18:03:04Z,true,false,Katie Sanderson reviewed and copied this human decision.
1,v3-to-too-two-0223-to-too-two-01,TO_TOO_TWO,4b60c14151a25c63dd1f5106646a78a04cf8b95225aa5d83de13f23fbba95e01,INVALID,too,true,additive,clause_additive,[],non-gold-v3-to-too-two-0223-to-too-two-01,Katie Sanderson,2026-09-10T18:03:04Z,true,false,Katie Sanderson reviewed and copied this human decision.
1,v3-to-too-two-0224-to-too-two-01,TO_TOO_TWO,bd07ca8d499e41cca4e9779406aabb223660d67d3f897f117be75ecd9b7b2d45,INVALID,too,true,additive,clause_additive,[],non-gold-v3-to-too-two-0224-to-too-two-01,Katie Sanderson,2026-09-10T18:03:04Z,true,false,Katie Sanderson reviewed and copied this human decision.
1,v3-to-too-two-0225-to-too-two-01,TO_TOO_TWO,5a31c6926fbbfc4dfa9d0a28dc2e2e328c0548a45f2886162b8cc84c9d1a2798,INVALID,too,true,additive,clause_additive,[],non-gold-v3-to-too-two-0225-to-too-two-01,Katie Sanderson,2026-09-10T18:03:04Z,true,false,Katie Sanderson reviewed and copied this human decision.
1,v3-to-too-two-0226-to-too-two-01,TO_TOO_TWO,acdbc5593ad0442315a2a1b8768b2a91bc5d791303f8e2b505da30ab90edb44a,INVALID,too,true,additive,clause_additive,[],non-gold-v3-to-too-two-0226-to-too-two-01,Katie Sanderson,2026-09-10T18:03:04Z,true,false,Katie Sanderson reviewed and copied this human decision.
1,v3-to-too-two-0227-to-too-two-01,TO_TOO_TWO,bc372bea07f6d568795c4e6255dd02dee1b8fe2ff7675f57e1ad1b5c44755857,INVALID,too,true,additive,clause_additive,[],non-gold-v3-to-too-two-0227-to-too-two-01,Katie Sanderson,2026-09-10T18:03:04Z,true,false,Katie Sanderson reviewed and copied this human decision.
1,v3-to-too-two-0228-to-too-two-01,TO_TOO_TWO,ae7e8baed407e0141495125e987fa53cd2b3dd62596ce416794e321084d45555,INVALID,too,true,additive,clause_additive,[],non-gold-v3-to-too-two-0228-to-too-two-01,Katie Sanderson,2026-09-10T18:03:04Z,true,false,Katie Sanderson reviewed and copied this human decision.
1,v3-to-too-two-0229-to-too-two-01,TO_TOO_TWO,d7a73526d1f52de6d1fc22161e6e07bce96b96d9befe848e779b0cdd998fdaff,INVALID,too,true,additive,clause_additive,[],non-gold-v3-to-too-two-0229-to-too-two-01,Katie Sanderson,2026-09-10T18:03:04Z,true,false,Katie Sanderson reviewed and copied this human decision.
1,v3-to-too-two-0230-to-too-two-01,TO_TOO_TWO,a0f87bb9da1ca8127f3c2a37d8f25511d6cc112b3c78e4fc17b0d9ffb76622d0,INVALID,too,true,additive,clause_additive,[],non-gold-v3-to-too-two-0230-to-too-two-01,Katie Sanderson,2026-09-10T18:03:04Z,true,false,Katie Sanderson reviewed and copied this human decision.
1,v3-to-too-two-0230-to-too-two-02,TO_TOO_TWO,30b3bb6f245417cb2d943dd7519c6eb22a762463248fa2f8219d3b9d6b0baf31,VALID,,true,infinitive,governed_infinitive,[],non-gold-v3-to-too-two-0230-to-too-two-02,Katie Sanderson,2026-09-10T18:03:04Z,true,false,Katie Sanderson reviewed and copied this human decision.
1,v3-to-too-two-0231-to-too-two-01,TO_TOO_TWO,da86974c77a11773401405631a7ca4aa37dabfa072e8b4cab612b7b2aaa82b47,INVALID,too,true,additive,clause_additive,[],non-gold-v3-to-too-two-0231-to-too-two-01,Katie Sanderson,2026-09-10T18:03:04Z,true,false,Katie Sanderson reviewed and copied this human decision.
1,v3-to-too-two-0232-to-too-two-01,TO_TOO_TWO,45e0d771a42f23c7894179e85ac8672a06c8c219df52cefa8bda70a763fbd830,INVALID,too,true,additive,clause_additive,[],non-gold-v3-to-too-two-0232-to-too-two-01,Katie Sanderson,2026-09-10T18:03:04Z,true,false,Katie Sanderson reviewed and copied this human decision.
1,v3-to-too-two-0233-to-too-two-01,TO_TOO_TWO,91a985f8abacc893f378d1f80ef0ad94a89ffdf8119d776de1139b4aede77810,INVALID,too,true,additive,clause_additive,[],non-gold-v3-to-too-two-0233-to-too-two-01,Katie Sanderson,2026-09-10T18:03:04Z,true,false,Katie Sanderson reviewed and copied this human decision.
1,v3-to-too-two-0233-to-too-two-02,TO_TOO_TWO,dfd24410ff2557d5bc17a6bdaad46e5a21ec9f352215c64c298c800324304ce1,VALID,,true,infinitive,governed_infinitive,[],non-gold-v3-to-too-two-0233-to-too-two-02,Katie Sanderson,2026-09-10T18:03:04Z,true,false,Katie Sanderson reviewed and copied this human decision.
1,v3-to-too-two-0234-to-too-two-01,TO_TOO_TWO,9625cf266d4eb81ec7c8ffed8a9f302d4d6bd56ee0977ee7f2b6a47805f6ec8c,INVALID,too,true,additive,clause_additive,[],non-gold-v3-to-too-two-0234-to-too-two-01,Katie Sanderson,2026-09-10T18:03:04Z,true,false,Katie Sanderson reviewed and copied this human decision.
1,v3-to-too-two-0235-to-too-two-01,TO_TOO_TWO,827c426e5338d1ca30e1aec1a073838486cbcafdf10fa20c9e2b62612257a999,INVALID,too,true,additive,clause_additive,[],non-gold-v3-to-too-two-0235-to-too-two-01,Katie Sanderson,2026-09-10T18:03:04Z,true,false,Katie Sanderson reviewed and copied this human decision.
1,v3-to-too-two-0236-to-too-two-01,TO_TOO_TWO,4d2e540c9feaec1adb139e5819cbb5988ec69c012a269fef9d927930e56e7ca4,VALID,,true,infinitive,governed_infinitive,[],non-gold-v3-to-too-two-0236-to-too-two-01,Katie Sanderson,2026-09-10T18:03:04Z,true,false,Katie Sanderson reviewed and copied this human decision.
1,v3-to-too-two-0236-to-too-two-02,TO_TOO_TWO,edba0b36879b74edb67b1a1ec3ce533116b8adfe1ad1d08a2fa4a1723f6c3dd5,INVALID,too,true,additive,clause_additive,[],non-gold-v3-to-too-two-0236-to-too-two-02,Katie Sanderson,2026-09-10T18:03:04Z,true,false,Katie Sanderson reviewed and copied this human decision.
1,v3-to-too-two-0237-to-too-two-01,TO_TOO_TWO,eff84a0e9e51741250cacf8ad513f4d14927e78cc480fdd15091c8f9e676074e,INVALID,too,true,additive,clause_additive,[],non-gold-v3-to-too-two-0237-to-too-two-01,Katie Sanderson,2026-09-10T18:03:04Z,true,false,Katie Sanderson reviewed and copied this human decision.
1,v3-to-too-two-0238-to-too-two-01,TO_TOO_TWO,8b321173249e3a81bf72bb9264982c6233958b2f9af6dd23068b5e4ca23f0436,INVALID,too,true,additive,clause_additive,[],non-gold-v3-to-too-two-0238-to-too-two-01,Katie Sanderson,2026-09-10T18:03:04Z,true,false,Katie Sanderson reviewed and copied this human decision.
1,v3-to-too-two-0239-to-too-two-01,TO_TOO_TWO,7213a60479414cd5f436f3c2e50d08ff7625f384a28708d24321ced3f13fc209,INVALID,too,true,additive,clause_additive,[],non-gold-v3-to-too-two-0239-to-too-two-01,Katie Sanderson,2026-09-10T18:03:04Z,true,false,Katie Sanderson reviewed and copied this human decision.
1,v3-to-too-two-0240-to-too-two-01,TO_TOO_TWO,dfd6b02bc6159eba27cd45b2dcca5d38a8bcd70e01055adf673e70ec76c0ad45,INVALID,too,true,additive,clause_additive,[],non-gold-v3-to-too-two-0240-to-too-two-01,Katie Sanderson,2026-09-10T18:03:04Z,true,false,Katie Sanderson reviewed and copied this human decision.
1,v3-to-too-two-0241-to-too-two-01,TO_TOO_TWO,8f3359a3d039fc3ca3e50a672a39dd9f6dc3940b3b7e03fedad2dd3a3590c89d,INVALID,too,true,degree,adjective_or_manner_degree,[],non-gold-v3-to-too-two-0241-to-too-two-01,Katie Sanderson,2026-09-10T18:03:04Z,true,false,Katie Sanderson reviewed and copied this human decision.
1,v3-to-too-two-0241-to-too-two-02,TO_TOO_TWO,d738f87110434c243dc1ef7a8176b6b90bb238160834aeb3c4f16dfcefa6914c,VALID,,true,infinitive,governed_infinitive,[],non-gold-v3-to-too-two-0241-to-too-two-02,Katie Sanderson,2026-09-10T18:03:04Z,true,false,Katie Sanderson reviewed and copied this human decision.
1,v3-to-too-two-0242-to-too-two-01,TO_TOO_TWO,05153fda53176cc18b13cdeaadbb9e03673353f86bfc96fbd61b089b253df876,INVALID,too,true,degree,adjective_or_manner_degree,[],non-gold-v3-to-too-two-0242-to-too-two-01,Katie Sanderson,2026-09-10T18:03:04Z,true,false,Katie Sanderson reviewed and copied this human decision.
1,v3-to-too-two-0242-to-too-two-02,TO_TOO_TWO,9e90e2cf82a0a5a0bfc84af84e41dfc2519749f1afbb019f0ffe032069b6a4cb,VALID,,true,infinitive,governed_infinitive,[],non-gold-v3-to-too-two-0242-to-too-two-02,Katie Sanderson,2026-09-10T18:03:04Z,true,false,Katie Sanderson reviewed and copied this human decision.
1,v3-to-too-two-0242-to-too-two-03,TO_TOO_TWO,860e67abec81f9bfd16e07623b44eb89b0273c1990da6fe1609eff26bcfc30f0,VALID,,true,infinitive,governed_infinitive,[],non-gold-v3-to-too-two-0242-to-too-two-03,Katie Sanderson,2026-09-10T18:03:04Z,true,false,Katie Sanderson reviewed and copied this human decision.
1,v3-to-too-two-0243-to-too-two-01,TO_TOO_TWO,b2c24cfe9d35e8f38a3aff927bf7f870c51e6d28718b77f9dcf5204a3515d85f,INVALID,too,true,degree,adjective_or_manner_degree,[],non-gold-v3-to-too-two-0243-to-too-two-01,Katie Sanderson,2026-09-10T18:03:04Z,true,false,Katie Sanderson reviewed and copied this human decision.
1,v3-to-too-two-0244-to-too-two-01,TO_TOO_TWO,65a1d5f07b310e0506777b7f62b321c248e88b00ba736fa321d5bee1459e6d3e,INVALID,too,true,degree,adjective_or_manner_degree,[],non-gold-v3-to-too-two-0244-to-too-two-01,Katie Sanderson,2026-09-10T18:03:04Z,true,false,Katie Sanderson reviewed and copied this human decision.
1,v3-to-too-two-0244-to-too-two-02,TO_TOO_TWO,5747aba114cd474c7c6084bdb982d313ab9f9d3b4abe49fc9fae50f8367c88d2,VALID,,true,infinitive,governed_infinitive,[],non-gold-v3-to-too-two-0244-to-too-two-02,Katie Sanderson,2026-09-10T18:03:04Z,true,false,Katie Sanderson reviewed and copied this human decision.
1,v3-to-too-two-0245-to-too-two-01,TO_TOO_TWO,34c5e1a73de378081ae2fc5ea7149cee1d61a02b415824d4595f311f5debbd78,INVALID,too,true,degree,adjective_or_manner_degree,[],non-gold-v3-to-too-two-0245-to-too-two-01,Katie Sanderson,2026-09-10T18:03:04Z,true,false,Katie Sanderson reviewed and copied this human decision.
1,v3-to-too-two-0245-to-too-two-02,TO_TOO_TWO,3c47d436351d77bb76f627500eae3c9ee3ddc560ebef9d05f89670ca23581ff4,VALID,,true,infinitive,governed_infinitive,[],non-gold-v3-to-too-two-0245-to-too-two-02,Katie Sanderson,2026-09-10T18:03:04Z,true,false,Katie Sanderson reviewed and copied this human decision.
1,v3-to-too-two-0246-to-too-two-01,TO_TOO_TWO,6cf355d76925d60d3f536e76005ce1aeed0a0d428669ebacac81188b429672d1,INVALID,too,true,degree,adjective_or_manner_degree,[],non-gold-v3-to-too-two-0246-to-too-two-01,Katie Sanderson,2026-09-10T18:03:04Z,true,false,Katie Sanderson reviewed and copied this human decision.
1,v3-to-too-two-0247-to-too-two-01,TO_TOO_TWO,4454c9d01b3f80b3602012de449d89a73898f057b83ca48fad90864d3387a557,INVALID,too,true,degree,adjective_or_manner_degree,[],non-gold-v3-to-too-two-0247-to-too-two-01,Katie Sanderson,2026-09-10T18:03:04Z,true,false,Katie Sanderson reviewed and copied this human decision.
1,v3-to-too-two-0247-to-too-two-02,TO_TOO_TWO,d5ce86c2b6201d4648f0ed17dcf184dbaeed6df8af471ac1d88e9ab2ddbca3ff,VALID,,true,infinitive,governed_infinitive,[],non-gold-v3-to-too-two-0247-to-too-two-02,Katie Sanderson,2026-09-10T18:03:04Z,true,false,Katie Sanderson reviewed and copied this human decision.
1,v3-to-too-two-0248-to-too-two-01,TO_TOO_TWO,2899b000b76f04cf52b6dfa0d6219807aeef9c79e4483695da36834690ae75eb,INVALID,too,true,degree,adjective_or_manner_degree,[],non-gold-v3-to-too-two-0248-to-too-two-01,Katie Sanderson,2026-09-10T18:03:04Z,true,false,Katie Sanderson reviewed and copied this human decision.
1,v3-to-too-two-0249-to-too-two-01,TO_TOO_TWO,e643db1d2acee3fc8de1ef34e7f1798bcbc77893a0f19a44bb5cd876e3e2e703,INVALID,too,true,degree,adjective_or_manner_degree,[],non-gold-v3-to-too-two-0249-to-too-two-01,Katie Sanderson,2026-09-10T18:03:04Z,true,false,Katie Sanderson reviewed and copied this human decision.
1,v3-to-too-two-0250-to-too-two-01,TO_TOO_TWO,774f5064fd4594e3ef2a20cae82c828e05b249b628ff60c709f3b142146a8c5c,INVALID,too,true,degree,adjective_or_manner_degree,[],non-gold-v3-to-too-two-0250-to-too-two-01,Katie Sanderson,2026-09-10T18:03:04Z,true,false,Katie Sanderson reviewed and copied this human decision.
1,v3-to-too-two-0250-to-too-two-02,TO_TOO_TWO,83a874c6f825c6f6d69a12b770c0989b243bcc60e99baeeb24e14bb6214d5d67,VALID,,true,infinitive,governed_infinitive,[],non-gold-v3-to-too-two-0250-to-too-two-02,Katie Sanderson,2026-09-10T18:03:04Z,true,false,Katie Sanderson reviewed and copied this human decision.
1,v3-to-too-two-0251-to-too-two-01,TO_TOO_TWO,6e115b6306849bba11b78e0aaa3070e09ee320ae89678a3bf8cc3dbb79a3ed85,INVALID,too,true,degree,adjective_or_manner_degree,[],non-gold-v3-to-too-two-0251-to-too-two-01,Katie Sanderson,2026-09-10T18:03:04Z,true,false,Katie Sanderson reviewed and copied this human decision.
1,v3-to-too-two-0252-to-too-two-01,TO_TOO_TWO,6f52e84762f2cf1f7edf36d52817aaf36b46e6ae0cefa5fb1990898cb1508016,INVALID,too,true,degree,adjective_or_manner_degree,[],non-gold-v3-to-too-two-0252-to-too-two-01,Katie Sanderson,2026-09-10T18:03:04Z,true,false,Katie Sanderson reviewed and copied this human decision.
1,v3-to-too-two-0253-to-too-two-01,TO_TOO_TWO,ff3e72b9aaf5812894077fff58564d28f82fa215f69c221b3af4b7b8f5505c3c,INVALID,too,true,degree,adjective_or_manner_degree,[],non-gold-v3-to-too-two-0253-to-too-two-01,Katie Sanderson,2026-09-10T18:03:04Z,true,false,Katie Sanderson reviewed and copied this human decision.
1,v3-to-too-two-0254-to-too-two-01,TO_TOO_TWO,57e90610fa190614e6a924610f3101abff261c334e71f69d61e47e21beb555c6,INVALID,too,true,degree,adjective_or_manner_degree,[],non-gold-v3-to-too-two-0254-to-too-two-01,Katie Sanderson,2026-09-10T18:03:04Z,true,false,Katie Sanderson reviewed and copied this human decision.
1,v3-to-too-two-0255-to-too-two-01,TO_TOO_TWO,b4888492fc3b43ec397d428819d75342571141297c79359026bc9cb01aa04a28,INVALID,too,true,degree,adjective_or_manner_degree,[],non-gold-v3-to-too-two-0255-to-too-two-01,Katie Sanderson,2026-09-10T18:03:04Z,true,false,Katie Sanderson reviewed and copied this human decision.
1,v3-to-too-two-0256-to-too-two-01,TO_TOO_TWO,a2a327e78f24fd33b46fbdc7985c148d3092f537917bed92d2aa1120afb16c14,INVALID,too,true,degree,adjective_or_manner_degree,[],non-gold-v3-to-too-two-0256-to-too-two-01,Katie Sanderson,2026-09-10T18:03:04Z,true,false,Katie Sanderson reviewed and copied this human decision.
1,v3-to-too-two-0257-to-too-two-01,TO_TOO_TWO,a81ae782679433e8c33c892b7b22adaac1967648bebf519c1f7d979bc674b144,INVALID,too,true,degree,adjective_or_manner_degree,[],non-gold-v3-to-too-two-0257-to-too-two-01,Katie Sanderson,2026-09-10T18:03:04Z,true,false,Katie Sanderson reviewed and copied this human decision.
1,v3-to-too-two-0258-to-too-two-01,TO_TOO_TWO,c4adf4bdf304d3924742deab0c965a9de0e8274fc0ada0253e6c8f17c61c46e3,INVALID,too,true,degree,adjective_or_manner_degree,[],non-gold-v3-to-too-two-0258-to-too-two-01,Katie Sanderson,2026-09-10T18:03:04Z,true,false,Katie Sanderson reviewed and copied this human decision.
1,v3-to-too-two-0258-to-too-two-02,TO_TOO_TWO,62fb3288ddd3452d448f818a9ddefdef8fb268b71fa98fbb685b396d973425ff,VALID,,true,infinitive,governed_infinitive,[],non-gold-v3-to-too-two-0258-to-too-two-02,Katie Sanderson,2026-09-10T18:03:04Z,true,false,Katie Sanderson reviewed and copied this human decision.
1,v3-to-too-two-0259-to-too-two-01,TO_TOO_TWO,4ea606c66e89057bd99a84fb957af4d8aa5bdc93d9f22d9b35bef33af7a9f94f,INVALID,too,true,degree,adjective_or_manner_degree,[],non-gold-v3-to-too-two-0259-to-too-two-01,Katie Sanderson,2026-09-10T18:03:04Z,true,false,Katie Sanderson reviewed and copied this human decision.
1,v3-to-too-two-0260-to-too-two-01,TO_TOO_TWO,60c4ec3f8b0ecd1654784886174936ace13c02085994f423e42723f68dec99bd,INVALID,too,true,degree,adjective_or_manner_degree,[],non-gold-v3-to-too-two-0260-to-too-two-01,Katie Sanderson,2026-09-10T18:03:04Z,true,false,Katie Sanderson reviewed and copied this human decision.
1,v3-to-too-two-0260-to-too-two-02,TO_TOO_TWO,28d8ed31ab2e293fa7dcd9d162bed3c8d5f8abd7569082a0383e05e97180f0fd,VALID,,true,infinitive,governed_infinitive,[],non-gold-v3-to-too-two-0260-to-too-two-02,Katie Sanderson,2026-09-10T18:03:04Z,true,false,Katie Sanderson reviewed and copied this human decision.
1,v3-to-too-two-0261-to-too-two-01,TO_TOO_TWO,783bd17e320dda754a7f97f0de06cafbbaa1cab51a7463a3b6c8664b6afa383c,INVALID,too,true,degree,adjective_or_manner_degree,[],non-gold-v3-to-too-two-0261-to-too-two-01,Katie Sanderson,2026-09-10T18:03:04Z,true,false,Katie Sanderson reviewed and copied this human decision.
1,v3-to-too-two-0261-to-too-two-02,TO_TOO_TWO,16ccb7bdc56dabe49afdf7958c53c2dbb0e2af42422999a216d70b88f8a3a2ca,VALID,,true,infinitive,governed_infinitive,[],non-gold-v3-to-too-two-0261-to-too-two-02,Katie Sanderson,2026-09-10T18:03:04Z,true,false,Katie Sanderson reviewed and copied this human decision.
1,v3-to-too-two-0262-to-too-two-01,TO_TOO_TWO,c9a244dc56e1bda24545cc9126e6ee83dc7e0a87eabd69ccf5cee2228d08fe22,INVALID,too,true,degree,adjective_or_manner_degree,[],non-gold-v3-to-too-two-0262-to-too-two-01,Katie Sanderson,2026-09-10T18:03:04Z,true,false,Katie Sanderson reviewed and copied this human decision.
1,v3-to-too-two-0263-to-too-two-01,TO_TOO_TWO,52449380a9c11ffa323dc1fb31c9577d5da1998a84dd38ee830d5145520d468a,INVALID,too,true,degree,adjective_or_manner_degree,[],non-gold-v3-to-too-two-0263-to-too-two-01,Katie Sanderson,2026-09-10T18:03:04Z,true,false,Katie Sanderson reviewed and copied this human decision.
1,v3-to-too-two-0264-to-too-two-01,TO_TOO_TWO,8365171d58ff041f58494ad831d6b91f09c4218939f29ac3ec5142b1c7839f39,INVALID,too,true,degree,adjective_or_manner_degree,[],non-gold-v3-to-too-two-0264-to-too-two-01,Katie Sanderson,2026-09-10T18:03:04Z,true,false,Katie Sanderson reviewed and copied this human decision.
1,v3-to-too-two-0265-to-too-two-01,TO_TOO_TWO,2b5f3048ab9a007db708156570ca1b54efaae7e536aaaafd3710f4abaa7f1950,INVALID,too,true,degree,adjective_or_manner_degree,[],non-gold-v3-to-too-two-0265-to-too-two-01,Katie Sanderson,2026-09-10T18:03:04Z,true,false,Katie Sanderson reviewed and copied this human decision.
1,v3-to-too-two-0265-to-too-two-02,TO_TOO_TWO,fc17da9a58f765391a597c45671aa34866ab0f2c31418bfba100e814230f3f16,VALID,,true,infinitive,governed_infinitive,[],non-gold-v3-to-too-two-0265-to-too-two-02,Katie Sanderson,2026-09-10T18:03:04Z,true,false,Katie Sanderson reviewed and copied this human decision.
1,v3-to-too-two-0266-to-too-two-01,TO_TOO_TWO,7798b15e7b87d2aa1dd3c85e8590083141652608a4742f10c9d0aeab64b8cacb,INVALID,too,true,degree,adjective_or_manner_degree,[],non-gold-v3-to-too-two-0266-to-too-two-01,Katie Sanderson,2026-09-10T18:03:04Z,true,false,Katie Sanderson reviewed and copied this human decision.
1,v3-to-too-two-0267-to-too-two-01,TO_TOO_TWO,4cb45aef06afaf115d235217a2d3eaab26a6a187bf8b0e5e46c137e695b0acff,INVALID,too,true,degree,adjective_or_manner_degree,[],non-gold-v3-to-too-two-0267-to-too-two-01,Katie Sanderson,2026-09-10T18:03:04Z,true,false,Katie Sanderson reviewed and copied this human decision.
1,v3-to-too-two-0267-to-too-two-02,TO_TOO_TWO,91b0fd76bf7be2bc7da04829a49a0dda925984c0d9814226f1fb4a28af817d60,VALID,,true,infinitive,governed_infinitive,[],non-gold-v3-to-too-two-0267-to-too-two-02,Katie Sanderson,2026-09-10T18:03:04Z,true,false,Katie Sanderson reviewed and copied this human decision.
1,v3-to-too-two-0268-to-too-two-01,TO_TOO_TWO,c3cf10f34a4c95541bfa59c1b5841aa0bedce75f72d84be4e23eb895e6cd51cb,INVALID,too,true,degree,adjective_or_manner_degree,[],non-gold-v3-to-too-two-0268-to-too-two-01,Katie Sanderson,2026-09-10T18:03:04Z,true,false,Katie Sanderson reviewed and copied this human decision.
1,v3-to-too-two-0268-to-too-two-02,TO_TOO_TWO,d529ab3ebfdaa5eb9af5b1900ff09fd906d74c018ef45df9840db5fe3079f98e,VALID,,true,infinitive,governed_infinitive,[],non-gold-v3-to-too-two-0268-to-too-two-02,Katie Sanderson,2026-09-10T18:03:04Z,true,false,Katie Sanderson reviewed and copied this human decision.
1,v3-to-too-two-0269-to-too-two-01,TO_TOO_TWO,d4a90e00bb27d51db4e4cf5780811cd0b6ca65a628092db738a39b0955c515b7,INVALID,too,true,degree,adjective_or_manner_degree,[],non-gold-v3-to-too-two-0269-to-too-two-01,Katie Sanderson,2026-09-10T18:03:04Z,true,false,Katie Sanderson reviewed and copied this human decision.
1,v3-to-too-two-0270-to-too-two-01,TO_TOO_TWO,595f76c844eb719c1f9286d0e130bc90542ab42adcdef54bba082a55f31c8eb7,INVALID,too,true,degree,adjective_or_manner_degree,[],non-gold-v3-to-too-two-0270-to-too-two-01,Katie Sanderson,2026-09-10T18:03:04Z,true,false,Katie Sanderson reviewed and copied this human decision.
1,v3-to-too-two-0271-to-too-two-01,TO_TOO_TWO,bd3004d2faa2dd18804e90fb4b0c437baa4393bc47ba0dd77e7a3b1a2204370e,INVALID,two,true,numeral,ordinary_count_numeral,[],non-gold-v3-to-too-two-0271-to-too-two-01,Katie Sanderson,2026-09-10T18:03:04Z,true,false,Katie Sanderson reviewed and copied this human decision.
1,v3-to-too-two-0272-to-too-two-01,TO_TOO_TWO,d647cc6f956ccd05efe6b2465b017bad16dffe76153d203055befe86af1ab1fb,INVALID,two,true,numeral,ordinary_count_numeral,[],non-gold-v3-to-too-two-0272-to-too-two-01,Katie Sanderson,2026-09-10T18:03:04Z,true,false,Katie Sanderson reviewed and copied this human decision.
1,v3-to-too-two-0273-to-too-two-01,TO_TOO_TWO,2f621c9b9a4803fbb1e42ad6dc50c9b5a3f770ee131243a3cc839c99f7573bd0,INVALID,two,true,numeral,ordinary_count_numeral,[],non-gold-v3-to-too-two-0273-to-too-two-01,Katie Sanderson,2026-09-10T18:03:04Z,true,false,Katie Sanderson reviewed and copied this human decision.
1,v3-to-too-two-0273-to-too-two-02,TO_TOO_TWO,beef7c807c5c550bdebea669af96fd0fec7ca6a4e6a1d124feaece33e951b555,VALID,,true,infinitive,governed_infinitive,[],non-gold-v3-to-too-two-0273-to-too-two-02,Katie Sanderson,2026-09-10T18:03:04Z,true,false,Katie Sanderson reviewed and copied this human decision.
1,v3-to-too-two-0274-to-too-two-01,TO_TOO_TWO,a428b4f446deb02286559312bcace6a268b851ebf057c2e45bcef5baaa5dcac2,INVALID,two,true,numeral,ordinary_count_numeral,[],non-gold-v3-to-too-two-0274-to-too-two-01,Katie Sanderson,2026-09-10T18:03:04Z,true,false,Katie Sanderson reviewed and copied this human decision.
1,v3-to-too-two-0275-to-too-two-01,TO_TOO_TWO,d88ce9d52b367deba2ac1814209d73c7948c3e809f11699b625ec94928eb4193,INVALID,two,true,numeral,ordinary_count_numeral,[],non-gold-v3-to-too-two-0275-to-too-two-01,Katie Sanderson,2026-09-10T18:03:04Z,true,false,Katie Sanderson reviewed and copied this human decision.
1,v3-to-too-two-0276-to-too-two-01,TO_TOO_TWO,663738559ab77f2200a2cdb33c23cdbc0c15907cafbabfcdf47c9986a6b4e456,INVALID,two,true,numeral,ordinary_count_numeral,[],non-gold-v3-to-too-two-0276-to-too-two-01,Katie Sanderson,2026-09-10T18:03:04Z,true,false,Katie Sanderson reviewed and copied this human decision.
1,v3-to-too-two-0277-to-too-two-01,TO_TOO_TWO,0e58f7fff87643ff29cea3e3b2160868623d7ebc0ac76d0abe128bb9d71b835e,INVALID,two,true,numeral,ordinary_count_numeral,[],non-gold-v3-to-too-two-0277-to-too-two-01,Katie Sanderson,2026-09-10T18:03:04Z,true,false,Katie Sanderson reviewed and copied this human decision.
1,v3-to-too-two-0278-to-too-two-01,TO_TOO_TWO,4155473e4438c9dc36b887d97ffac6e771438d052acdda5f81d20a8071221d12,INVALID,two,true,numeral,ordinary_count_numeral,[],non-gold-v3-to-too-two-0278-to-too-two-01,Katie Sanderson,2026-09-10T18:03:04Z,true,false,Katie Sanderson reviewed and copied this human decision.
1,v3-to-too-two-0279-to-too-two-01,TO_TOO_TWO,9e505d97c96b3b7cc0db62e66c51d52cf8b8502e7656ae3be02a6234804c9a45,INVALID,two,true,numeral,ordinary_count_numeral,[],non-gold-v3-to-too-two-0279-to-too-two-01,Katie Sanderson,2026-09-10T18:03:04Z,true,false,Katie Sanderson reviewed and copied this human decision.
1,v3-to-too-two-0280-to-too-two-01,TO_TOO_TWO,ac03997d56e1ea5aa66103c5d5dcb3714310649db6f65e8dd9362a66a8724cc8,INVALID,two,true,numeral,ordinary_count_numeral,[],non-gold-v3-to-too-two-0280-to-too-two-01,Katie Sanderson,2026-09-10T18:03:04Z,true,false,Katie Sanderson reviewed and copied this human decision.
1,v3-to-too-two-0280-to-too-two-02,TO_TOO_TWO,ac9fa85db44d1ceee20c8d315824ecfa6593c4efa50cd6e2e22cc0ceef924046,VALID,,true,infinitive,governed_infinitive,[],non-gold-v3-to-too-two-0280-to-too-two-02,Katie Sanderson,2026-09-10T18:03:04Z,true,false,Katie Sanderson reviewed and copied this human decision.
1,v3-to-too-two-0281-to-too-two-01,TO_TOO_TWO,913512b808a6062bd953f730bb6a99dc722e21128b52df9eb971f84727478a93,INVALID,two,true,numeral,ordinary_count_numeral,[],non-gold-v3-to-too-two-0281-to-too-two-01,Katie Sanderson,2026-09-10T18:03:04Z,true,false,Katie Sanderson reviewed and copied this human decision.
1,v3-to-too-two-0282-to-too-two-01,TO_TOO_TWO,5d1546b9ce4dfdbf1848c26c85fbdcd77b2b3dde36867977fa132786b4eecdd9,INVALID,two,true,numeral,ordinary_count_numeral,[],non-gold-v3-to-too-two-0282-to-too-two-01,Katie Sanderson,2026-09-10T18:03:04Z,true,false,Katie Sanderson reviewed and copied this human decision.
1,v3-to-too-two-0283-to-too-two-01,TO_TOO_TWO,3bdfe92c0adae666cf71110c32db90ef315647ec8ed8cd12b1456a3d58cec1ba,INVALID,two,true,numeral,ordinary_count_numeral,[],non-gold-v3-to-too-two-0283-to-too-two-01,Katie Sanderson,2026-09-10T18:03:04Z,true,false,Katie Sanderson reviewed and copied this human decision.
1,v3-to-too-two-0284-to-too-two-01,TO_TOO_TWO,7c64a673f25baa6b9fa81e61d6436cf283a71c1aab31ae7425256c2a04f65c35,INVALID,two,true,numeral,ordinary_count_numeral,[],non-gold-v3-to-too-two-0284-to-too-two-01,Katie Sanderson,2026-09-10T18:03:04Z,true,false,Katie Sanderson reviewed and copied this human decision.
1,v3-to-too-two-0284-to-too-two-02,TO_TOO_TWO,bf1e5d0f9c9b2681aff8d1c7da10b5e03c99269658426605fc178a62c02cfafa,VALID,,true,infinitive,governed_infinitive,[],non-gold-v3-to-too-two-0284-to-too-two-02,Katie Sanderson,2026-09-10T18:03:04Z,true,false,Katie Sanderson reviewed and copied this human decision.
1,v3-to-too-two-0285-to-too-two-01,TO_TOO_TWO,5eb4059072ed371ca4391db32f68d968f844409c4e3c9701179a6b4653140fef,INVALID,two,true,numeral,ordinary_count_numeral,[],non-gold-v3-to-too-two-0285-to-too-two-01,Katie Sanderson,2026-09-10T18:03:04Z,true,false,Katie Sanderson reviewed and copied this human decision.
1,v3-to-too-two-0286-to-too-two-01,TO_TOO_TWO,dfa786ea60485199f3ecd7f33540dcc37a13d0eefd3605f50c1f78431d27b90f,INVALID,two,true,numeral,ordinary_count_numeral,[],non-gold-v3-to-too-two-0286-to-too-two-01,Katie Sanderson,2026-09-10T18:03:04Z,true,false,Katie Sanderson reviewed and copied this human decision.
1,v3-to-too-two-0287-to-too-two-01,TO_TOO_TWO,3625c91795f0260bdb62c2121dafd80e4eaef973b95e270a79c39888cca56a2d,INVALID,two,true,numeral,ordinary_count_numeral,[],non-gold-v3-to-too-two-0287-to-too-two-01,Katie Sanderson,2026-09-10T18:03:04Z,true,false,Katie Sanderson reviewed and copied this human decision.
1,v3-to-too-two-0288-to-too-two-01,TO_TOO_TWO,909859622d2eef7c52abc1dc3930c135c1ffd1079b3d7b8c203275de88755a2d,INVALID,two,true,numeral,ordinary_count_numeral,[],non-gold-v3-to-too-two-0288-to-too-two-01,Katie Sanderson,2026-09-10T18:03:04Z,true,false,Katie Sanderson reviewed and copied this human decision.
1,v3-to-too-two-0289-to-too-two-01,TO_TOO_TWO,bec222b1beaebea0879039d3f782484ecb4c2db64907697900c05af9528a7290,INVALID,two,true,numeral,ordinary_count_numeral,[],non-gold-v3-to-too-two-0289-to-too-two-01,Katie Sanderson,2026-09-10T18:03:04Z,true,false,Katie Sanderson reviewed and copied this human decision.
1,v3-to-too-two-0290-to-too-two-01,TO_TOO_TWO,c5b30baa2eab196e15b358ffaef8fc86debd0d3c050d7cdc5dc61058d5689be7,INVALID,two,true,numeral,ordinary_count_numeral,[],non-gold-v3-to-too-two-0290-to-too-two-01,Katie Sanderson,2026-09-10T18:03:04Z,true,false,Katie Sanderson reviewed and copied this human decision.
1,v3-to-too-two-0291-to-too-two-01,TO_TOO_TWO,c10556d546b4cc02365d1c46f35c817fb41775b6c8b2ed63797a7958559547f9,INVALID,two,true,numeral,ordinary_count_numeral,[],non-gold-v3-to-too-two-0291-to-too-two-01,Katie Sanderson,2026-09-10T18:03:04Z,true,false,Katie Sanderson reviewed and copied this human decision.
1,v3-to-too-two-0291-to-too-two-02,TO_TOO_TWO,ce75f58ba7bb25d0828c6bf90c808579d2eeb74b8e15539977845ab1d552ab2b,VALID,,true,infinitive,governed_infinitive,[],non-gold-v3-to-too-two-0291-to-too-two-02,Katie Sanderson,2026-09-10T18:03:04Z,true,false,Katie Sanderson reviewed and copied this human decision.
1,v3-to-too-two-0292-to-too-two-01,TO_TOO_TWO,9b7b1aefe54030be8190e6d7140e6976c7b97931e62d319957f443c9cebc24d6,INVALID,two,true,numeral,ordinary_count_numeral,[],non-gold-v3-to-too-two-0292-to-too-two-01,Katie Sanderson,2026-09-10T18:03:04Z,true,false,Katie Sanderson reviewed and copied this human decision.
1,v3-to-too-two-0293-to-too-two-01,TO_TOO_TWO,515337443d84e17dfb715316e1ec73d2182fd47d51308d2337f3f26041c96ec7,INVALID,two,true,numeral,ordinary_count_numeral,[],non-gold-v3-to-too-two-0293-to-too-two-01,Katie Sanderson,2026-09-10T18:03:04Z,true,false,Katie Sanderson reviewed and copied this human decision.
1,v3-to-too-two-0294-to-too-two-01,TO_TOO_TWO,c91f5a7bf9a3feaf772d3ec81efc51d93c5123e4cc6d53131b02d38379c2e24b,INVALID,two,true,numeral,ordinary_count_numeral,[],non-gold-v3-to-too-two-0294-to-too-two-01,Katie Sanderson,2026-09-10T18:03:04Z,true,false,Katie Sanderson reviewed and copied this human decision.
1,v3-to-too-two-0295-to-too-two-01,TO_TOO_TWO,837508622a3876b2109218459678e1c56237f0072d0a4d937c369b674c5991d3,INVALID,two,true,numeral,ordinary_count_numeral,[],non-gold-v3-to-too-two-0295-to-too-two-01,Katie Sanderson,2026-09-10T18:03:04Z,true,false,Katie Sanderson reviewed and copied this human decision.
1,v3-to-too-two-0295-to-too-two-02,TO_TOO_TWO,da7d63e78beabdd6499d22589c948f50282b0a783c603d5de3d6741f2e261a5e,VALID,,true,infinitive,governed_infinitive,[],non-gold-v3-to-too-two-0295-to-too-two-02,Katie Sanderson,2026-09-10T18:03:04Z,true,false,Katie Sanderson reviewed and copied this human decision.
1,v3-to-too-two-0296-to-too-two-01,TO_TOO_TWO,ab7d2fde4fe8630232e08f1ab4fbf3bf013325fe1f6704130c850290bf1b42bc,INVALID,two,true,numeral,ordinary_count_numeral,[],non-gold-v3-to-too-two-0296-to-too-two-01,Katie Sanderson,2026-09-10T18:03:04Z,true,false,Katie Sanderson reviewed and copied this human decision.
1,v3-to-too-two-0296-to-too-two-02,TO_TOO_TWO,f613316189dcb18d4c3fd8124397c1f2fb5f041272eba02b6a7f19ae4e4cfc73,VALID,,true,infinitive,governed_infinitive,[],non-gold-v3-to-too-two-0296-to-too-two-02,Katie Sanderson,2026-09-10T18:03:04Z,true,false,Katie Sanderson reviewed and copied this human decision.
1,v3-to-too-two-0297-to-too-two-01,TO_TOO_TWO,538c7173d9d5516c0465b1aa93b51ce9bf5beccc9c226e7b31ee45bf2a09b635,INVALID,two,true,numeral,ordinary_count_numeral,[],non-gold-v3-to-too-two-0297-to-too-two-01,Katie Sanderson,2026-09-10T18:03:04Z,true,false,Katie Sanderson reviewed and copied this human decision.
1,v3-to-too-two-0298-to-too-two-01,TO_TOO_TWO,a1b370159c318fdda600d4761ab211cbda7f0135189b1f2ae7dd012048f1d6e2,INVALID,two,true,numeral,ordinary_count_numeral,[],non-gold-v3-to-too-two-0298-to-too-two-01,Katie Sanderson,2026-09-10T18:03:04Z,true,false,Katie Sanderson reviewed and copied this human decision.
1,v3-to-too-two-0299-to-too-two-01,TO_TOO_TWO,f5d8bed285a8dcbebcdd8d6e0dab957c498c4c8cabb0619ff16277e4f7df2446,INVALID,two,true,numeral,ordinary_count_numeral,[],non-gold-v3-to-too-two-0299-to-too-two-01,Katie Sanderson,2026-09-10T18:03:04Z,true,false,Katie Sanderson reviewed and copied this human decision.
1,v3-to-too-two-0299-to-too-two-02,TO_TOO_TWO,2a4868503b91414a31796719a2463ad1ab21e2e29e02866b1c154f603cbf8815,VALID,,true,infinitive,governed_infinitive,[],non-gold-v3-to-too-two-0299-to-too-two-02,Katie Sanderson,2026-09-10T18:03:04Z,true,false,Katie Sanderson reviewed and copied this human decision.
1,v3-to-too-two-0300-to-too-two-01,TO_TOO_TWO,e77dad2a4bf1bb9b7bbec5b268adb4c3cb01b9a6b38a5801c5c7ece3bc7fefb7,INVALID,two,true,numeral,ordinary_count_numeral,[],non-gold-v3-to-too-two-0300-to-too-two-01,Katie Sanderson,2026-09-10T18:03:04Z,true,false,Katie Sanderson reviewed and copied this human decision.
1,v3-to-too-two-0301-to-too-two-01,TO_TOO_TWO,35f301294d8ce25ba3bec8a19a67c683cf9e500e192c3532c59e1b95075d03a4,UNCERTAIN,,false,not_applicable,not_applicable,"[""fragment""]",non-gold-v3-to-too-two-0301-to-too-two-01,Katie Sanderson,2026-09-10T18:03:04Z,true,false,Katie Sanderson reviewed and copied this human decision.
1,v3-to-too-two-0302-to-too-two-01,TO_TOO_TWO,3dbf1f19550767f33674f355e05ba39d67c816cc95491707619c06039bbd7bae,UNCERTAIN,,false,not_applicable,not_applicable,"[""fragment""]",non-gold-v3-to-too-two-0302-to-too-two-01,Katie Sanderson,2026-09-10T18:03:04Z,true,false,Katie Sanderson reviewed and copied this human decision.
1,v3-to-too-two-0303-to-too-two-01,TO_TOO_TWO,0dac8f775e8104c12bde9353baefb0beb047ed7ed6ebd8a4eeb3249cbc060674,UNCERTAIN,,false,not_applicable,not_applicable,"[""fragment""]",non-gold-v3-to-too-two-0303-to-too-two-01,Katie Sanderson,2026-09-10T18:03:04Z,true,false,Katie Sanderson reviewed and copied this human decision.
1,v3-to-too-two-0304-to-too-two-01,TO_TOO_TWO,23ef607ea95101a6387c7eda19e323dd12e62aaf5f8eba3fe164c66967e62054,UNCERTAIN,,false,not_applicable,not_applicable,"[""fragment""]",non-gold-v3-to-too-two-0304-to-too-two-01,Katie Sanderson,2026-09-10T18:03:04Z,true,false,Katie Sanderson reviewed and copied this human decision.
1,v3-to-too-two-0305-to-too-two-01,TO_TOO_TWO,903b3a670f4dd6e049fc6a00fc2ddec8a2cf13618f329c65333f25c12ada3963,UNCERTAIN,,false,not_applicable,not_applicable,"[""fragment""]",non-gold-v3-to-too-two-0305-to-too-two-01,Katie Sanderson,2026-09-10T18:03:04Z,true,false,Katie Sanderson reviewed and copied this human decision.
1,v3-to-too-two-0306-to-too-two-01,TO_TOO_TWO,af9445f9ac849b9b9f73cfaa98971e7e39ba391913df4a58a0bc3c64ecb5bd7d,UNCERTAIN,,false,not_applicable,not_applicable,"[""fragment""]",non-gold-v3-to-too-two-0306-to-too-two-01,Katie Sanderson,2026-09-10T18:03:04Z,true,false,Katie Sanderson reviewed and copied this human decision.
1,v3-to-too-two-0307-to-too-two-01,TO_TOO_TWO,d5e57222571b6f235f2dfdf261918bd4e822c33ed0598a924411fea5aeba9dd8,UNCERTAIN,,false,not_applicable,not_applicable,"[""fragment""]",non-gold-v3-to-too-two-0307-to-too-two-01,Katie Sanderson,2026-09-10T18:03:04Z,true,false,Katie Sanderson reviewed and copied this human decision.
1,v3-to-too-two-0308-to-too-two-01,TO_TOO_TWO,0d219dfbb2d0e17a20f3a5baf9ea26294753db12dd845f3a73fdf823799dfb0e,UNCERTAIN,,false,not_applicable,not_applicable,"[""fragment""]",non-gold-v3-to-too-two-0308-to-too-two-01,Katie Sanderson,2026-09-10T18:03:04Z,true,false,Katie Sanderson reviewed and copied this human decision.
1,v3-to-too-two-0309-to-too-two-01,TO_TOO_TWO,4d4597a9f738432d3af0770731eae3633c4fd4399ffffda1304b89d9fa904319,UNCERTAIN,,false,not_applicable,not_applicable,"[""fragment""]",non-gold-v3-to-too-two-0309-to-too-two-01,Katie Sanderson,2026-09-10T18:03:04Z,true,false,Katie Sanderson reviewed and copied this human decision.
1,v3-to-too-two-0310-to-too-two-01,TO_TOO_TWO,7dcf177303662a08bdf5519e9028c4b72ae1321b4a49a5608f8af95de33e382b,UNCERTAIN,,false,not_applicable,not_applicable,"[""fragment""]",non-gold-v3-to-too-two-0310-to-too-two-01,Katie Sanderson,2026-09-10T18:03:04Z,true,false,Katie Sanderson reviewed and copied this human decision.
1,v3-to-too-two-0311-to-too-two-01,TO_TOO_TWO,d376f6997b77c46e044f86883317e6d93219d5387303caca315ed594b1ad476d,UNCERTAIN,,false,not_applicable,not_applicable,"[""fragment""]",non-gold-v3-to-too-two-0311-to-too-two-01,Katie Sanderson,2026-09-10T18:03:04Z,true,false,Katie Sanderson reviewed and copied this human decision.
1,v3-to-too-two-0312-to-too-two-01,TO_TOO_TWO,2367bd50b3ad118579354ab8442b78362abdadefbd4358c28086ffbc8d33b235,UNCERTAIN,,false,not_applicable,not_applicable,"[""fragment""]",non-gold-v3-to-too-two-0312-to-too-two-01,Katie Sanderson,2026-09-10T18:03:04Z,true,false,Katie Sanderson reviewed and copied this human decision.
1,v3-to-too-two-0313-to-too-two-01,TO_TOO_TWO,6dd7d03458c0978444a8fb193461e7fe56fe5eba153ee6104cb4ae8a5a46a237,UNCERTAIN,,false,not_applicable,not_applicable,"[""fragment""]",non-gold-v3-to-too-two-0313-to-too-two-01,Katie Sanderson,2026-09-10T18:03:04Z,true,false,Katie Sanderson reviewed and copied this human decision.
1,v3-to-too-two-0314-to-too-two-01,TO_TOO_TWO,3f38e04792900bf071518d3ac7edcf0321f1f2bf872b88015fab4097b1ef0590,UNCERTAIN,,false,not_applicable,not_applicable,"[""fragment""]",non-gold-v3-to-too-two-0314-to-too-two-01,Katie Sanderson,2026-09-10T18:03:04Z,true,false,Katie Sanderson reviewed and copied this human decision.
1,v3-to-too-two-0315-to-too-two-01,TO_TOO_TWO,d146763d9a37f89dfdadd23a1be43fb6a5318b3735fb5420706953fd3ee7f809,UNCERTAIN,,false,not_applicable,not_applicable,"[""fragment""]",non-gold-v3-to-too-two-0315-to-too-two-01,Katie Sanderson,2026-09-10T18:03:04Z,true,false,Katie Sanderson reviewed and copied this human decision.
1,v3-to-too-two-0316-to-too-two-01,TO_TOO_TWO,d0ab1968ffcace897040e0b7ecceab9e946b9e93bf19b1c699d7967d9a83a7de,UNCERTAIN,,false,not_applicable,not_applicable,"[""fragment""]",non-gold-v3-to-too-two-0316-to-too-two-01,Katie Sanderson,2026-09-10T18:03:04Z,true,false,Katie Sanderson reviewed and copied this human decision.
1,v3-to-too-two-0317-to-too-two-01,TO_TOO_TWO,a977d02b74f67e48e031be927d09f93c5ffafc1320a72aa9566708457e55e4f6,UNCERTAIN,,false,not_applicable,not_applicable,"[""fragment""]",non-gold-v3-to-too-two-0317-to-too-two-01,Katie Sanderson,2026-09-10T18:03:04Z,true,false,Katie Sanderson reviewed and copied this human decision.
1,v3-to-too-two-0318-to-too-two-01,TO_TOO_TWO,fa76d0a861f291bbac847c7dd97dcf3bd2d6d232f90c2526ed0fa900509c1916,UNCERTAIN,,false,not_applicable,not_applicable,"[""fragment""]",non-gold-v3-to-too-two-0318-to-too-two-01,Katie Sanderson,2026-09-10T18:03:04Z,true,false,Katie Sanderson reviewed and copied this human decision.
1,v3-to-too-two-0319-to-too-two-01,TO_TOO_TWO,35d2b4fec4369fa4bc4a22a8e858c5f5a012f3345599081e369b7a584ae1a2b2,UNCERTAIN,,false,not_applicable,not_applicable,"[""fragment""]",non-gold-v3-to-too-two-0319-to-too-two-01,Katie Sanderson,2026-09-10T18:03:04Z,true,false,Katie Sanderson reviewed and copied this human decision.
1,v3-to-too-two-0320-to-too-two-01,TO_TOO_TWO,b950d6f5532b0b80cb66d56dbc99f5aeeb8669ff2ce31a763797fc1984a17f97,UNCERTAIN,,false,not_applicable,not_applicable,"[""fragment""]",non-gold-v3-to-too-two-0320-to-too-two-01,Katie Sanderson,2026-09-10T18:03:04Z,true,false,Katie Sanderson reviewed and copied this human decision.
1,v3-to-too-two-0321-to-too-two-01,TO_TOO_TWO,dce33fe170cdd8d62b6e128fb9c7de8e229fd85be0a00518a8ce621e4a7ff380,UNCERTAIN,,false,not_applicable,not_applicable,"[""quotation""]",non-gold-v3-to-too-two-0321-to-too-two-01,Katie Sanderson,2026-09-10T18:03:04Z,true,false,Katie Sanderson reviewed and copied this human decision.
1,v3-to-too-two-0322-to-too-two-01,TO_TOO_TWO,e427bbd18acdfd5f494d51583c8b6397e4c76fd1421e91813814508d38431102,UNCERTAIN,,false,not_applicable,not_applicable,"[""quotation""]",non-gold-v3-to-too-two-0322-to-too-two-01,Katie Sanderson,2026-09-10T18:03:04Z,true,false,Katie Sanderson reviewed and copied this human decision.
1,v3-to-too-two-0323-to-too-two-01,TO_TOO_TWO,345ef7dc6e06dbcb261508f480189b77d92450ce79374a07dfe771deb8a155ce,UNCERTAIN,,false,not_applicable,not_applicable,"[""quotation""]",non-gold-v3-to-too-two-0323-to-too-two-01,Katie Sanderson,2026-09-10T18:03:04Z,true,false,Katie Sanderson reviewed and copied this human decision.
1,v3-to-too-two-0323-to-too-two-02,TO_TOO_TWO,c5f1fa52a1544c1b370acddbd5087c4b9c3c1e485aaa47ced336bf62e2d36cb4,VALID,,true,infinitive,governed_infinitive,[],non-gold-v3-to-too-two-0323-to-too-two-02,Katie Sanderson,2026-09-10T18:03:04Z,true,false,Katie Sanderson reviewed and copied this human decision.
1,v3-to-too-two-0324-to-too-two-01,TO_TOO_TWO,86874df8c3743712f57df9f54639ce24a1865b21c90bb2a3fde46bfa0b1e0c67,UNCERTAIN,,false,not_applicable,not_applicable,"[""quotation""]",non-gold-v3-to-too-two-0324-to-too-two-01,Katie Sanderson,2026-09-10T18:03:04Z,true,false,Katie Sanderson reviewed and copied this human decision.
1,v3-to-too-two-0324-to-too-two-02,TO_TOO_TWO,6bae2d5d8d421b74b106774bfc90d2d2afe58a4d56ab1f93b889a8391660e7b5,VALID,,true,infinitive,governed_infinitive,[],non-gold-v3-to-too-two-0324-to-too-two-02,Katie Sanderson,2026-09-10T18:03:04Z,true,false,Katie Sanderson reviewed and copied this human decision.
1,v3-to-too-two-0325-to-too-two-01,TO_TOO_TWO,3a4031eeacf1c658f2303ae0e534cffc354b0c0962e5a9f118114ca058fbdfdd,UNCERTAIN,,false,not_applicable,not_applicable,"[""quotation""]",non-gold-v3-to-too-two-0325-to-too-two-01,Katie Sanderson,2026-09-10T18:03:04Z,true,false,Katie Sanderson reviewed and copied this human decision.
1,v3-to-too-two-0326-to-too-two-01,TO_TOO_TWO,a4e6af43bbb68c78127f989d858c23284dc32531c4c8148a8c43b3ceba0c7a15,UNCERTAIN,,false,not_applicable,not_applicable,"[""quotation""]",non-gold-v3-to-too-two-0326-to-too-two-01,Katie Sanderson,2026-09-10T18:03:04Z,true,false,Katie Sanderson reviewed and copied this human decision.
1,v3-to-too-two-0327-to-too-two-01,TO_TOO_TWO,2c677c60d6307172508639149da3d62cd67576e44974aaaf684cd3f48137ead4,UNCERTAIN,,false,not_applicable,not_applicable,"[""quotation""]",non-gold-v3-to-too-two-0327-to-too-two-01,Katie Sanderson,2026-09-10T18:03:04Z,true,false,Katie Sanderson reviewed and copied this human decision.
1,v3-to-too-two-0328-to-too-two-01,TO_TOO_TWO,4ecb4bcc808666668d52a04e09ccd17b5a124cd9efb7fa988cd34490ee99a842,UNCERTAIN,,false,not_applicable,not_applicable,"[""quotation""]",non-gold-v3-to-too-two-0328-to-too-two-01,Katie Sanderson,2026-09-10T18:03:04Z,true,false,Katie Sanderson reviewed and copied this human decision.
1,v3-to-too-two-0328-to-too-two-02,TO_TOO_TWO,2e4c20a5a3764d40b1ac334df9fcb4857ecec672ed314da2bd1bb753c0b9fc11,VALID,,true,infinitive,governed_infinitive,[],non-gold-v3-to-too-two-0328-to-too-two-02,Katie Sanderson,2026-09-10T18:03:04Z,true,false,Katie Sanderson reviewed and copied this human decision.
1,v3-to-too-two-0329-to-too-two-01,TO_TOO_TWO,fd945c51f60ae24bdc89cd0120721461f18f0aed8d7e86bddce03521c79f6421,UNCERTAIN,,false,not_applicable,not_applicable,"[""quotation""]",non-gold-v3-to-too-two-0329-to-too-two-01,Katie Sanderson,2026-09-10T18:03:04Z,true,false,Katie Sanderson reviewed and copied this human decision.
1,v3-to-too-two-0330-to-too-two-01,TO_TOO_TWO,3a1f31a6f9a75f2530e021986f007f2d20a4fac6642efa59322fb7e3bf7f50fd,UNCERTAIN,,false,not_applicable,not_applicable,"[""quotation""]",non-gold-v3-to-too-two-0330-to-too-two-01,Katie Sanderson,2026-09-10T18:03:04Z,true,false,Katie Sanderson reviewed and copied this human decision.
1,v3-to-too-two-0331-to-too-two-01,TO_TOO_TWO,561176882ba474e79f9ecd0baa6c96cd2d5508cada325ea739626d4814736803,UNCERTAIN,,false,not_applicable,not_applicable,"[""quotation""]",non-gold-v3-to-too-two-0331-to-too-two-01,Katie Sanderson,2026-09-10T18:03:04Z,true,false,Katie Sanderson reviewed and copied this human decision.
1,v3-to-too-two-0331-to-too-two-02,TO_TOO_TWO,27bc7e9952fafcf28558a71c9338ef372333d4b37d46d562a9cbb6d072bd651d,VALID,,true,infinitive,governed_infinitive,[],non-gold-v3-to-too-two-0331-to-too-two-02,Katie Sanderson,2026-09-10T18:03:04Z,true,false,Katie Sanderson reviewed and copied this human decision.
1,v3-to-too-two-0332-to-too-two-01,TO_TOO_TWO,fbb6aca3609feef5f7fc1b77baae4d7eecc9d49a931df005c81e510e98a57caf,UNCERTAIN,,false,not_applicable,not_applicable,"[""quotation""]",non-gold-v3-to-too-two-0332-to-too-two-01,Katie Sanderson,2026-09-10T18:03:04Z,true,false,Katie Sanderson reviewed and copied this human decision.
1,v3-to-too-two-0333-to-too-two-01,TO_TOO_TWO,728421e00ab15862c5e0ada2b8a17f63eb73177cef0468f8ea3c70b291185cee,UNCERTAIN,,false,not_applicable,not_applicable,"[""quotation""]",non-gold-v3-to-too-two-0333-to-too-two-01,Katie Sanderson,2026-09-10T18:03:04Z,true,false,Katie Sanderson reviewed and copied this human decision.
1,v3-to-too-two-0333-to-too-two-02,TO_TOO_TWO,2575a7995b811432f3e5da00308ee703ccb44651c4ae8d864e715c117f63dd4c,VALID,,true,infinitive,governed_infinitive,[],non-gold-v3-to-too-two-0333-to-too-two-02,Katie Sanderson,2026-09-10T18:03:04Z,true,false,Katie Sanderson reviewed and copied this human decision.
1,v3-to-too-two-0334-to-too-two-01,TO_TOO_TWO,2312fa3922ed4134ec356b44ca8190f0c13bbff6d64d60f79657abe0bdaf6aa9,UNCERTAIN,,false,not_applicable,not_applicable,"[""quotation""]",non-gold-v3-to-too-two-0334-to-too-two-01,Katie Sanderson,2026-09-10T18:03:04Z,true,false,Katie Sanderson reviewed and copied this human decision.
1,v3-to-too-two-0335-to-too-two-01,TO_TOO_TWO,eab5cca1e2c31af9aebf9908840e2660603cc0f43703c4b126086c9fcf5a1c72,UNCERTAIN,,false,not_applicable,not_applicable,"[""quotation""]",non-gold-v3-to-too-two-0335-to-too-two-01,Katie Sanderson,2026-09-10T18:03:04Z,true,false,Katie Sanderson reviewed and copied this human decision.
1,v3-to-too-two-0336-to-too-two-01,TO_TOO_TWO,46e13ac3eaed6ef83be28a4ecfdd9408e3fc38ae0582490b316d2f85edc5f70b,UNCERTAIN,,false,not_applicable,not_applicable,"[""quotation""]",non-gold-v3-to-too-two-0336-to-too-two-01,Katie Sanderson,2026-09-10T18:03:04Z,true,false,Katie Sanderson reviewed and copied this human decision.
1,v3-to-too-two-0337-to-too-two-01,TO_TOO_TWO,1dbfba5f108579975fe5c9dd29a4de2ecb18937745d8623411c795c8a2861082,UNCERTAIN,,false,not_applicable,not_applicable,"[""quotation""]",non-gold-v3-to-too-two-0337-to-too-two-01,Katie Sanderson,2026-09-10T18:03:04Z,true,false,Katie Sanderson reviewed and copied this human decision.
1,v3-to-too-two-0338-to-too-two-01,TO_TOO_TWO,5796c4842e2488d03e669c6734152a97b6f00d068175e9c0703bc3abdc08ce81,UNCERTAIN,,false,not_applicable,not_applicable,"[""quotation""]",non-gold-v3-to-too-two-0338-to-too-two-01,Katie Sanderson,2026-09-10T18:03:04Z,true,false,Katie Sanderson reviewed and copied this human decision.
1,v3-to-too-two-0339-to-too-two-01,TO_TOO_TWO,57ebe15c9589fa40fae187db5a7eb4f2610b25fee36caf97d9f42dd37c74111d,UNCERTAIN,,false,not_applicable,not_applicable,"[""quotation""]",non-gold-v3-to-too-two-0339-to-too-two-01,Katie Sanderson,2026-09-10T18:03:04Z,true,false,Katie Sanderson reviewed and copied this human decision.
1,v3-to-too-two-0339-to-too-two-02,TO_TOO_TWO,eb1dbcf0e16dd602858b30f6a285526c83505cefe6982b437e46274e45d3559f,VALID,,true,infinitive,governed_infinitive,[],non-gold-v3-to-too-two-0339-to-too-two-02,Katie Sanderson,2026-09-10T18:03:04Z,true,false,Katie Sanderson reviewed and copied this human decision.
1,v3-to-too-two-0340-to-too-two-01,TO_TOO_TWO,b4e335df403302c1a838f9a3235e4b37376f01c828c8477446c3e0cc0ac3888c,UNCERTAIN,,false,not_applicable,not_applicable,"[""quotation""]",non-gold-v3-to-too-two-0340-to-too-two-01,Katie Sanderson,2026-09-10T18:03:04Z,true,false,Katie Sanderson reviewed and copied this human decision.
1,v3-to-too-two-0341-to-too-two-01,TO_TOO_TWO,9fa0f224f9c2a110b23548da1fb6337913b647e36f33fc8cde556d343edb1323,UNCERTAIN,,false,not_applicable,not_applicable,[],non-gold-v3-to-too-two-0341-to-too-two-01,Katie Sanderson,2026-09-10T18:03:04Z,true,false,Katie Sanderson reviewed and copied this human decision.
1,v3-to-too-two-0342-to-too-two-01,TO_TOO_TWO,f191a4f22157759bdbfbde179801e5072c50d1c694edd3fa772dee67ef2ce709,UNCERTAIN,,false,not_applicable,not_applicable,[],non-gold-v3-to-too-two-0342-to-too-two-01,Katie Sanderson,2026-09-10T18:03:04Z,true,false,Katie Sanderson reviewed and copied this human decision.
1,v3-to-too-two-0343-to-too-two-01,TO_TOO_TWO,4f3e94df54666acdbff70ea951191f83e566563fe95cc74ff8c79b740ccbe4b9,UNCERTAIN,,false,not_applicable,not_applicable,[],non-gold-v3-to-too-two-0343-to-too-two-01,Katie Sanderson,2026-09-10T18:03:04Z,true,false,Katie Sanderson reviewed and copied this human decision.
1,v3-to-too-two-0344-to-too-two-01,TO_TOO_TWO,ef3ee6e3ce153e5d29160296d6e12252d33e9e5ac2cee2d4879226271c87b671,UNCERTAIN,,false,not_applicable,not_applicable,[],non-gold-v3-to-too-two-0344-to-too-two-01,Katie Sanderson,2026-09-10T18:03:04Z,true,false,Katie Sanderson reviewed and copied this human decision.
1,v3-to-too-two-0345-to-too-two-01,TO_TOO_TWO,6a4ea0d9548a0d544946bd4093853d988c70a2ed691f30f37893c89940e10028,UNCERTAIN,,false,not_applicable,not_applicable,[],non-gold-v3-to-too-two-0345-to-too-two-01,Katie Sanderson,2026-09-10T18:03:04Z,true,false,Katie Sanderson reviewed and copied this human decision.
1,v3-to-too-two-0346-to-too-two-01,TO_TOO_TWO,e3049dd709f5308a69bd557a0539af1320c5e3cf818b415d9802541e7d7a5094,UNCERTAIN,,false,not_applicable,not_applicable,[],non-gold-v3-to-too-two-0346-to-too-two-01,Katie Sanderson,2026-09-10T18:03:04Z,true,false,Katie Sanderson reviewed and copied this human decision.
1,v3-to-too-two-0347-to-too-two-01,TO_TOO_TWO,e33e9307170abda7825e75ea5740be67955ff1158e2069af5d6d48b3782bdb67,UNCERTAIN,,false,not_applicable,not_applicable,[],non-gold-v3-to-too-two-0347-to-too-two-01,Katie Sanderson,2026-09-10T18:03:04Z,true,false,Katie Sanderson reviewed and copied this human decision.
1,v3-to-too-two-0348-to-too-two-01,TO_TOO_TWO,9ec14748c186c9ec93eabe8fb38d1da686fbcbf20d78a5552564c28dcea9b272,UNCERTAIN,,false,not_applicable,not_applicable,[],non-gold-v3-to-too-two-0348-to-too-two-01,Katie Sanderson,2026-09-10T18:03:04Z,true,false,Katie Sanderson reviewed and copied this human decision.
1,v3-to-too-two-0349-to-too-two-01,TO_TOO_TWO,1458c32abe52937ef52784645e0fb48e3bf052fcbaeccf039ea787da4c67b6bc,UNCERTAIN,,false,not_applicable,not_applicable,[],non-gold-v3-to-too-two-0349-to-too-two-01,Katie Sanderson,2026-09-10T18:03:04Z,true,false,Katie Sanderson reviewed and copied this human decision.
1,v3-to-too-two-0350-to-too-two-01,TO_TOO_TWO,3d6062c9058813ecfd233e97beaf4f573449cdf932ed034b5ecd88e5bab0a306,UNCERTAIN,,false,not_applicable,not_applicable,[],non-gold-v3-to-too-two-0350-to-too-two-01,Katie Sanderson,2026-09-10T18:03:04Z,true,false,Katie Sanderson reviewed and copied this human decision.
1,v3-to-too-two-0351-to-too-two-01,TO_TOO_TWO,76412e39b6cc26f6c4f6ed86cb967be8ea3380ce8ce643b66ac6083543c86b6a,UNCERTAIN,,false,not_applicable,not_applicable,[],non-gold-v3-to-too-two-0351-to-too-two-01,Katie Sanderson,2026-09-10T18:03:04Z,true,false,Katie Sanderson reviewed and copied this human decision.
1,v3-to-too-two-0352-to-too-two-01,TO_TOO_TWO,919d25de7bbad5a7dc6a57ef5d5f2299d44e7c0eae776a79cae9954ea286bdcd,UNCERTAIN,,false,not_applicable,not_applicable,[],non-gold-v3-to-too-two-0352-to-too-two-01,Katie Sanderson,2026-09-10T18:03:04Z,true,false,Katie Sanderson reviewed and copied this human decision.
1,v3-to-too-two-0353-to-too-two-01,TO_TOO_TWO,7d786589382c795336a5af7964c1aa8f4a184bf5ba5a6870c7425fb7e0a85755,UNCERTAIN,,false,not_applicable,not_applicable,[],non-gold-v3-to-too-two-0353-to-too-two-01,Katie Sanderson,2026-09-10T18:03:04Z,true,false,Katie Sanderson reviewed and copied this human decision.
1,v3-to-too-two-0354-to-too-two-01,TO_TOO_TWO,049ba47836b9ba49b07fcc72e7ba77b41ce1f3d72a9653e619d5c83bcaaa065f,UNCERTAIN,,false,not_applicable,not_applicable,[],non-gold-v3-to-too-two-0354-to-too-two-01,Katie Sanderson,2026-09-10T18:03:04Z,true,false,Katie Sanderson reviewed and copied this human decision.
1,v3-to-too-two-0355-to-too-two-01,TO_TOO_TWO,bddf125b552d6150299d317c9164eedbabe8b899a21f7f0fee74a257d00018d2,UNCERTAIN,,false,not_applicable,not_applicable,[],non-gold-v3-to-too-two-0355-to-too-two-01,Katie Sanderson,2026-09-10T18:03:04Z,true,false,Katie Sanderson reviewed and copied this human decision.
1,v3-to-too-two-0356-to-too-two-01,TO_TOO_TWO,f5d29f74cd9d1a5351c534f7e6ead1647ffdbf3d410fc2281940b38b08a23de1,UNCERTAIN,,false,not_applicable,not_applicable,[],non-gold-v3-to-too-two-0356-to-too-two-01,Katie Sanderson,2026-09-10T18:03:04Z,true,false,Katie Sanderson reviewed and copied this human decision.
1,v3-to-too-two-0357-to-too-two-01,TO_TOO_TWO,5d1c48e41ad576c7da63756bbadd69112ebacefab9092abd8f52f5ca4a0a065b,UNCERTAIN,,false,not_applicable,not_applicable,[],non-gold-v3-to-too-two-0357-to-too-two-01,Katie Sanderson,2026-09-10T18:03:04Z,true,false,Katie Sanderson reviewed and copied this human decision.
1,v3-to-too-two-0358-to-too-two-01,TO_TOO_TWO,ba886cc228bca23fbc60b0771898253c61b9bec9f482a7994438e69d12f74922,UNCERTAIN,,false,not_applicable,not_applicable,[],non-gold-v3-to-too-two-0358-to-too-two-01,Katie Sanderson,2026-09-10T18:03:04Z,true,false,Katie Sanderson reviewed and copied this human decision.
1,v3-to-too-two-0359-to-too-two-01,TO_TOO_TWO,58e9de5dddfa1998601790cf6da42588218c1b353d5e8325b106b55ff16be81d,UNCERTAIN,,false,not_applicable,not_applicable,[],non-gold-v3-to-too-two-0359-to-too-two-01,Katie Sanderson,2026-09-10T18:03:04Z,true,false,Katie Sanderson reviewed and copied this human decision.
1,v3-to-too-two-0360-to-too-two-01,TO_TOO_TWO,cf425173d73754776e77bd510b21799785c98680ca5e6f4e7aab025264d782c6,UNCERTAIN,,false,not_applicable,not_applicable,[],non-gold-v3-to-too-two-0360-to-too-two-01,Katie Sanderson,2026-09-10T18:03:04Z,true,false,Katie Sanderson reviewed and copied this human decision.
1,v3-to-too-two-0361-to-too-two-01,TO_TOO_TWO,def0e654eb0ad588a1231de7bb748af7378c50590373ce3198a7d8b609e2833a,UNCERTAIN,,false,not_applicable,not_applicable,"[""run_on""]",non-gold-v3-to-too-two-0361-to-too-two-01,Katie Sanderson,2026-09-10T18:03:04Z,true,false,Katie Sanderson reviewed and copied this human decision.
1,v3-to-too-two-0361-to-too-two-02,TO_TOO_TWO,e102e17861f9fd9b244c2a513f1ff12eecd40d217225ff5082a46dcb24dbb04a,VALID,,true,infinitive,governed_infinitive,"[""run_on""]",non-gold-v3-to-too-two-0361-to-too-two-02,Katie Sanderson,2026-09-10T18:03:04Z,true,false,Katie Sanderson reviewed and copied this human decision.
1,v3-to-too-two-0362-to-too-two-01,TO_TOO_TWO,d8336b115b4099f389854dd93dbe1ece372fc2e804d3181ad2e2034d2b40e31a,UNCERTAIN,,false,not_applicable,not_applicable,"[""run_on""]",non-gold-v3-to-too-two-0362-to-too-two-01,Katie Sanderson,2026-09-10T18:03:04Z,true,false,Katie Sanderson reviewed and copied this human decision.
1,v3-to-too-two-0362-to-too-two-02,TO_TOO_TWO,5138ad983f99aaeaeea936c0e16db35e65c805a7a202da6a7e1df9d625d4edfc,VALID,,true,infinitive,governed_infinitive,"[""run_on""]",non-gold-v3-to-too-two-0362-to-too-two-02,Katie Sanderson,2026-09-10T18:03:04Z,true,false,Katie Sanderson reviewed and copied this human decision.
1,v3-to-too-two-0363-to-too-two-01,TO_TOO_TWO,283093023bb961395e435b8e6be3a0437c77cd683d2707d0687107f81846c4e7,UNCERTAIN,,false,not_applicable,not_applicable,"[""run_on""]",non-gold-v3-to-too-two-0363-to-too-two-01,Katie Sanderson,2026-09-10T18:03:04Z,true,false,Katie Sanderson reviewed and copied this human decision.
1,v3-to-too-two-0364-to-too-two-01,TO_TOO_TWO,cfb8b22c5bb4c30045ebe0d0ece8977cd9cbbc57c4886fe9c565eefd53251ed4,UNCERTAIN,,false,not_applicable,not_applicable,"[""run_on""]",non-gold-v3-to-too-two-0364-to-too-two-01,Katie Sanderson,2026-09-10T18:03:04Z,true,false,Katie Sanderson reviewed and copied this human decision.
1,v3-to-too-two-0365-to-too-two-01,TO_TOO_TWO,4d885191624b4dfc953365baacf7a467b748581e8cb21e0a94a66b881a6bc97d,UNCERTAIN,,false,not_applicable,not_applicable,"[""run_on""]",non-gold-v3-to-too-two-0365-to-too-two-01,Katie Sanderson,2026-09-10T18:03:04Z,true,false,Katie Sanderson reviewed and copied this human decision.
1,v3-to-too-two-0365-to-too-two-02,TO_TOO_TWO,7eddf3d434503989a25add1d706cf6c3131333bf18bc3c967488e9a1790aaaee,VALID,,true,infinitive,governed_infinitive,"[""run_on""]",non-gold-v3-to-too-two-0365-to-too-two-02,Katie Sanderson,2026-09-10T18:03:04Z,true,false,Katie Sanderson reviewed and copied this human decision.
1,v3-to-too-two-0366-to-too-two-01,TO_TOO_TWO,19f522709cbb34f0f10c6e701349527245aca84473b08e7954322d60fc14167c,UNCERTAIN,,false,not_applicable,not_applicable,"[""run_on""]",non-gold-v3-to-too-two-0366-to-too-two-01,Katie Sanderson,2026-09-10T18:03:04Z,true,false,Katie Sanderson reviewed and copied this human decision.
1,v3-to-too-two-0367-to-too-two-01,TO_TOO_TWO,6501f5ecc6f7c07618b315d0d6694ed75bf8ea06412a22ecb1f08fa9d93172ce,UNCERTAIN,,false,not_applicable,not_applicable,"[""run_on""]",non-gold-v3-to-too-two-0367-to-too-two-01,Katie Sanderson,2026-09-10T18:03:04Z,true,false,Katie Sanderson reviewed and copied this human decision.
1,v3-to-too-two-0368-to-too-two-01,TO_TOO_TWO,b71c369720bc4d858c43a4cc39eff6e923467a1876b72b49a6cdd083191f7f9b,UNCERTAIN,,false,not_applicable,not_applicable,"[""run_on""]",non-gold-v3-to-too-two-0368-to-too-two-01,Katie Sanderson,2026-09-10T18:03:04Z,true,false,Katie Sanderson reviewed and copied this human decision.
1,v3-to-too-two-0369-to-too-two-01,TO_TOO_TWO,02fda93774823f50ce61b4d163355a87e7e20a2da80bee9081ac8e12da825a8a,UNCERTAIN,,false,not_applicable,not_applicable,"[""run_on""]",non-gold-v3-to-too-two-0369-to-too-two-01,Katie Sanderson,2026-09-10T18:03:04Z,true,false,Katie Sanderson reviewed and copied this human decision.
1,v3-to-too-two-0370-to-too-two-01,TO_TOO_TWO,a014f50964b0551928980bcddf01163437d26748ce891b5d3e15c49347655214,UNCERTAIN,,false,not_applicable,not_applicable,"[""run_on""]",non-gold-v3-to-too-two-0370-to-too-two-01,Katie Sanderson,2026-09-10T18:03:04Z,true,false,Katie Sanderson reviewed and copied this human decision.
1,v3-to-too-two-0371-to-too-two-01,TO_TOO_TWO,3a93dfdfd24c6ac1f0c0b8e8ef830cc52d53b0c6450775d6626e074c568edc3e,UNCERTAIN,,false,not_applicable,not_applicable,"[""run_on""]",non-gold-v3-to-too-two-0371-to-too-two-01,Katie Sanderson,2026-09-10T18:03:04Z,true,false,Katie Sanderson reviewed and copied this human decision.
1,v3-to-too-two-0372-to-too-two-01,TO_TOO_TWO,8e1f35ba61e08d6c55765259f99a281557a05d14952e652f6f65cf4b91333ae3,UNCERTAIN,,false,not_applicable,not_applicable,"[""run_on""]",non-gold-v3-to-too-two-0372-to-too-two-01,Katie Sanderson,2026-09-10T18:03:04Z,true,false,Katie Sanderson reviewed and copied this human decision.
1,v3-to-too-two-0373-to-too-two-01,TO_TOO_TWO,39657e6ad6d99082b89ceac9b38ace76f43ce1985b26aa412e7461f409ea7d9a,UNCERTAIN,,false,not_applicable,not_applicable,"[""run_on""]",non-gold-v3-to-too-two-0373-to-too-two-01,Katie Sanderson,2026-09-10T18:03:04Z,true,false,Katie Sanderson reviewed and copied this human decision.
1,v3-to-too-two-0374-to-too-two-01,TO_TOO_TWO,419d2d918552efa0ae4439deee7172d3fe11d9d05ba4410c0d32295b4693e9d5,UNCERTAIN,,false,not_applicable,not_applicable,"[""run_on""]",non-gold-v3-to-too-two-0374-to-too-two-01,Katie Sanderson,2026-09-10T18:03:04Z,true,false,Katie Sanderson reviewed and copied this human decision.
1,v3-to-too-two-0374-to-too-two-02,TO_TOO_TWO,564ee3be98292df7ad44a8e12e14fb8cea376252e2e92f7ce5fa5f11927e523e,VALID,,true,infinitive,governed_infinitive,"[""run_on""]",non-gold-v3-to-too-two-0374-to-too-two-02,Katie Sanderson,2026-09-10T18:03:04Z,true,false,Katie Sanderson reviewed and copied this human decision.
1,v3-to-too-two-0375-to-too-two-01,TO_TOO_TWO,4bf519e0a63e0a39c39d08e23d46d789a4d470b024425f1337b0d31f514ae22c,UNCERTAIN,,false,not_applicable,not_applicable,"[""run_on""]",non-gold-v3-to-too-two-0375-to-too-two-01,Katie Sanderson,2026-09-10T18:03:04Z,true,false,Katie Sanderson reviewed and copied this human decision.
1,v3-to-too-two-0376-to-too-two-01,TO_TOO_TWO,88ae5a221efedfab650328b962368b76ce17a13ec8f17dd1145699593c73648d,UNCERTAIN,,false,not_applicable,not_applicable,"[""run_on""]",non-gold-v3-to-too-two-0376-to-too-two-01,Katie Sanderson,2026-09-10T18:03:04Z,true,false,Katie Sanderson reviewed and copied this human decision.
1,v3-to-too-two-0376-to-too-two-02,TO_TOO_TWO,11b84ab0e210926d1f3fecc49e8e567a4380fcb1d339b41e2a1bd2743ba3eeff,VALID,,true,infinitive,governed_infinitive,"[""run_on""]",non-gold-v3-to-too-two-0376-to-too-two-02,Katie Sanderson,2026-09-10T18:03:04Z,true,false,Katie Sanderson reviewed and copied this human decision.
1,v3-to-too-two-0377-to-too-two-01,TO_TOO_TWO,4962eb3513abe34fab1fcc7ee50ec02e7b86a0bc3080b08e16c8203dca1d456e,UNCERTAIN,,false,not_applicable,not_applicable,"[""run_on""]",non-gold-v3-to-too-two-0377-to-too-two-01,Katie Sanderson,2026-09-10T18:03:04Z,true,false,Katie Sanderson reviewed and copied this human decision.
1,v3-to-too-two-0378-to-too-two-01,TO_TOO_TWO,40f5a76becb5cb9f69efa8667262be6b87fd4c06b3f432c51836399647912a5c,UNCERTAIN,,false,not_applicable,not_applicable,"[""run_on""]",non-gold-v3-to-too-two-0378-to-too-two-01,Katie Sanderson,2026-09-10T18:03:04Z,true,false,Katie Sanderson reviewed and copied this human decision.
1,v3-to-too-two-0379-to-too-two-01,TO_TOO_TWO,07d9457f207f1ad3c7efc523052da78c35b0f31818004a9daea696ad92b8616f,UNCERTAIN,,false,not_applicable,not_applicable,"[""run_on""]",non-gold-v3-to-too-two-0379-to-too-two-01,Katie Sanderson,2026-09-10T18:03:04Z,true,false,Katie Sanderson reviewed and copied this human decision.
1,v3-to-too-two-0379-to-too-two-02,TO_TOO_TWO,7cf33e3cd827621c0391c7c145edbbba706f84af5ee49aa36877819a83b012b6,VALID,,true,infinitive,governed_infinitive,"[""run_on""]",non-gold-v3-to-too-two-0379-to-too-two-02,Katie Sanderson,2026-09-10T18:03:04Z,true,false,Katie Sanderson reviewed and copied this human decision.
1,v3-to-too-two-0380-to-too-two-01,TO_TOO_TWO,6f87961e50459549deee3d20375b4a9640ebec480208884b8035ee66dcee33ec,UNCERTAIN,,false,not_applicable,not_applicable,"[""run_on""]",non-gold-v3-to-too-two-0380-to-too-two-01,Katie Sanderson,2026-09-10T18:03:04Z,true,false,Katie Sanderson reviewed and copied this human decision.
1,v3-to-too-two-0381-to-too-two-01,TO_TOO_TWO,5a50c6bb0ae7aeceb7f020b959d1f1104e5699f567f440f89e58886ce908a562,UNCERTAIN,,false,not_applicable,not_applicable,"[""task_dependent""]",non-gold-v3-to-too-two-0381-to-too-two-01,Katie Sanderson,2026-09-10T18:03:04Z,true,false,Katie Sanderson reviewed and copied this human decision.
1,v3-to-too-two-0382-to-too-two-01,TO_TOO_TWO,9c6172b0a8d990acfbc823d840bfa4fbb11251df5e68e486f7c68ba66029bfce,VALID,,true,infinitive,governed_infinitive,[],non-gold-v3-to-too-two-0382-to-too-two-01,Katie Sanderson,2026-09-10T18:03:04Z,true,false,Katie Sanderson reviewed and copied this human decision.
1,v3-to-too-two-0382-to-too-two-02,TO_TOO_TWO,adcb72b693388eb1ce1a405098556d53369e2c35546a97235e7c92e673468181,UNCERTAIN,,false,not_applicable,not_applicable,"[""task_dependent""]",non-gold-v3-to-too-two-0382-to-too-two-02,Katie Sanderson,2026-09-10T18:03:04Z,true,false,Katie Sanderson reviewed and copied this human decision.
1,v3-to-too-two-0383-to-too-two-01,TO_TOO_TWO,6ca55599a9c9ecb679140ea78ebcc824bc6775eecce7e800a8ca22a058722da2,UNCERTAIN,,false,not_applicable,not_applicable,"[""task_dependent""]",non-gold-v3-to-too-two-0383-to-too-two-01,Katie Sanderson,2026-09-10T18:03:04Z,true,false,Katie Sanderson reviewed and copied this human decision.
1,v3-to-too-two-0383-to-too-two-02,TO_TOO_TWO,f0cb5e9af47226105b2fdf88669febdf92c1704e62b6ff2f0e0ac880a5204488,VALID,,false,not_applicable,not_applicable,[],non-gold-v3-to-too-two-0383-to-too-two-02,Katie Sanderson,2026-09-10T18:03:04Z,true,false,Katie Sanderson reviewed and copied this human decision.
1,v3-to-too-two-0384-to-too-two-01,TO_TOO_TWO,13527d96b44dd6123e443bd95eb361d5d3243b135aead15cefe7dd5f57b8b624,UNCERTAIN,,false,not_applicable,not_applicable,"[""task_dependent""]",non-gold-v3-to-too-two-0384-to-too-two-01,Katie Sanderson,2026-09-10T18:03:04Z,true,false,Katie Sanderson reviewed and copied this human decision.
1,v3-to-too-two-0385-to-too-two-01,TO_TOO_TWO,ea7f804d893bd3cd132518eb8e5ffdcf24b87ae9d5591b7190d439a47890bb08,UNCERTAIN,,false,not_applicable,not_applicable,"[""task_dependent""]",non-gold-v3-to-too-two-0385-to-too-two-01,Katie Sanderson,2026-09-10T18:03:04Z,true,false,Katie Sanderson reviewed and copied this human decision.
1,v3-to-too-two-0385-to-too-two-02,TO_TOO_TWO,a6ab3b80009d56bbaf4510afa989a016ff878e2ffc2fc0ecfefd81cfb610f721,VALID,,false,not_applicable,not_applicable,[],non-gold-v3-to-too-two-0385-to-too-two-02,Katie Sanderson,2026-09-10T18:03:04Z,true,false,Katie Sanderson reviewed and copied this human decision.
1,v3-to-too-two-0386-to-too-two-01,TO_TOO_TWO,21423503b9df7f4ec80473fd70cdaaeaf05ea48c63b3c5f53a15254be9b1745b,UNCERTAIN,,false,not_applicable,not_applicable,"[""task_dependent""]",non-gold-v3-to-too-two-0386-to-too-two-01,Katie Sanderson,2026-09-10T18:03:04Z,true,false,Katie Sanderson reviewed and copied this human decision.
1,v3-to-too-two-0387-to-too-two-01,TO_TOO_TWO,970be1b9fa9f2d5ef8cbee6f98c51bb7b5b9bb1dbc2e35a36155c638d57b8f01,UNCERTAIN,,false,not_applicable,not_applicable,"[""task_dependent""]",non-gold-v3-to-too-two-0387-to-too-two-01,Katie Sanderson,2026-09-10T18:03:04Z,true,false,Katie Sanderson reviewed and copied this human decision.
1,v3-to-too-two-0388-to-too-two-01,TO_TOO_TWO,a783b998b1be3164075dad3c6ce3fe46708428dc77636652b69a207a7182d62e,UNCERTAIN,,false,not_applicable,not_applicable,"[""task_dependent""]",non-gold-v3-to-too-two-0388-to-too-two-01,Katie Sanderson,2026-09-10T18:03:04Z,true,false,Katie Sanderson reviewed and copied this human decision.
1,v3-to-too-two-0388-to-too-two-02,TO_TOO_TWO,5d08922eb2bc4578f386d739ee005afa67711404e168ba9e595a94c0df3f3e72,VALID,,false,not_applicable,not_applicable,[],non-gold-v3-to-too-two-0388-to-too-two-02,Katie Sanderson,2026-09-10T18:03:04Z,true,false,Katie Sanderson reviewed and copied this human decision.
1,v3-to-too-two-0389-to-too-two-01,TO_TOO_TWO,7c325e46efaf29ef8407e6ada161e6c17010ff84fad7d2b1f3fabf213b9db908,UNCERTAIN,,false,not_applicable,not_applicable,"[""task_dependent""]",non-gold-v3-to-too-two-0389-to-too-two-01,Katie Sanderson,2026-09-10T18:03:04Z,true,false,Katie Sanderson reviewed and copied this human decision.
1,v3-to-too-two-0390-to-too-two-01,TO_TOO_TWO,6027934c239c4f22451b48afa9c2691c04037c88834051352ac8179db23e1fbe,VALID,,true,infinitive,governed_infinitive,[],non-gold-v3-to-too-two-0390-to-too-two-01,Katie Sanderson,2026-09-10T18:03:04Z,true,false,Katie Sanderson reviewed and copied this human decision.
1,v3-to-too-two-0390-to-too-two-02,TO_TOO_TWO,ae0681b9dabb6fad5c417c0d54b9d311177693494c7c9362522acc01111eecaa,UNCERTAIN,,false,not_applicable,not_applicable,"[""task_dependent""]",non-gold-v3-to-too-two-0390-to-too-two-02,Katie Sanderson,2026-09-10T18:03:04Z,true,false,Katie Sanderson reviewed and copied this human decision.
1,v3-to-too-two-0391-to-too-two-01,TO_TOO_TWO,d303ac5e9d89bf4621bad00c643053f0ddf9a18b267dd3b1c8e69cf4522a6002,UNCERTAIN,,false,not_applicable,not_applicable,"[""task_dependent""]",non-gold-v3-to-too-two-0391-to-too-two-01,Katie Sanderson,2026-09-10T18:03:04Z,true,false,Katie Sanderson reviewed and copied this human decision.
1,v3-to-too-two-0392-to-too-two-01,TO_TOO_TWO,962422b12abda60aeae9b70f6596539f327f714da14f3c95ae900a919a2dc005,UNCERTAIN,,false,not_applicable,not_applicable,"[""task_dependent""]",non-gold-v3-to-too-two-0392-to-too-two-01,Katie Sanderson,2026-09-10T18:03:04Z,true,false,Katie Sanderson reviewed and copied this human decision.
1,v3-to-too-two-0392-to-too-two-02,TO_TOO_TWO,3c314bc7bdb881ed60fb9779955859729f11bbde78fac5ce443a7491e50c6c52,VALID,,false,not_applicable,not_applicable,[],non-gold-v3-to-too-two-0392-to-too-two-02,Katie Sanderson,2026-09-10T18:03:04Z,true,false,Katie Sanderson reviewed and copied this human decision.
1,v3-to-too-two-0393-to-too-two-01,TO_TOO_TWO,b55d9f277c914de5b15c1515a6f065676dffa5d9f6b5e46d6d94ff567c3d4d92,UNCERTAIN,,false,not_applicable,not_applicable,"[""task_dependent""]",non-gold-v3-to-too-two-0393-to-too-two-01,Katie Sanderson,2026-09-10T18:03:04Z,true,false,Katie Sanderson reviewed and copied this human decision.
1,v3-to-too-two-0394-to-too-two-01,TO_TOO_TWO,a73a3b49b0f363657514ae99379849c231d3ddbd547d46ad214d60163d92da58,UNCERTAIN,,false,not_applicable,not_applicable,"[""task_dependent""]",non-gold-v3-to-too-two-0394-to-too-two-01,Katie Sanderson,2026-09-10T18:03:04Z,true,false,Katie Sanderson reviewed and copied this human decision.
1,v3-to-too-two-0394-to-too-two-02,TO_TOO_TWO,847c87fb05a31c21a9bfbc5a2333d498b501181a4ef7a3f26e64bbf238b6c5cc,VALID,,false,not_applicable,not_applicable,[],non-gold-v3-to-too-two-0394-to-too-two-02,Katie Sanderson,2026-09-10T18:03:04Z,true,false,Katie Sanderson reviewed and copied this human decision.
1,v3-to-too-two-0395-to-too-two-01,TO_TOO_TWO,2eba6e29548b1b3d4b1757a5f01a557737847525aeaf4bddaadf3e034d1ffa85,UNCERTAIN,,false,not_applicable,not_applicable,"[""task_dependent""]",non-gold-v3-to-too-two-0395-to-too-two-01,Katie Sanderson,2026-09-10T18:03:04Z,true,false,Katie Sanderson reviewed and copied this human decision.
1,v3-to-too-two-0396-to-too-two-01,TO_TOO_TWO,a607655a094932622b7979c73650850b174a757199565b0ca88fa376235b1f26,VALID,,true,infinitive,governed_infinitive,[],non-gold-v3-to-too-two-0396-to-too-two-01,Katie Sanderson,2026-09-10T18:03:04Z,true,false,Katie Sanderson reviewed and copied this human decision.
1,v3-to-too-two-0396-to-too-two-02,TO_TOO_TWO,592c5ab94b8b37ae5ac85605ee53fab9cb1ecbf106fb3f88bc4e6ed92f4a8e65,UNCERTAIN,,false,not_applicable,not_applicable,"[""task_dependent""]",non-gold-v3-to-too-two-0396-to-too-two-02,Katie Sanderson,2026-09-10T18:03:04Z,true,false,Katie Sanderson reviewed and copied this human decision.
1,v3-to-too-two-0397-to-too-two-01,TO_TOO_TWO,48d5d7a767579dded1d5f9447e071ab04405d57b5a6c089b466d82bf9c1ecf09,UNCERTAIN,,false,not_applicable,not_applicable,"[""task_dependent""]",non-gold-v3-to-too-two-0397-to-too-two-01,Katie Sanderson,2026-09-10T18:03:04Z,true,false,Katie Sanderson reviewed and copied this human decision.
1,v3-to-too-two-0398-to-too-two-01,TO_TOO_TWO,618a1bd8f778d21baf0cd488dfec7298be9314503980814ae048ae8ef80c13c7,UNCERTAIN,,false,not_applicable,not_applicable,"[""task_dependent""]",non-gold-v3-to-too-two-0398-to-too-two-01,Katie Sanderson,2026-09-10T18:03:04Z,true,false,Katie Sanderson reviewed and copied this human decision.
1,v3-to-too-two-0399-to-too-two-01,TO_TOO_TWO,914b2115a97186da8e0b968f4f076e6d3dda8555973638e37563fdc0cd40f8ea,UNCERTAIN,,false,not_applicable,not_applicable,"[""task_dependent""]",non-gold-v3-to-too-two-0399-to-too-two-01,Katie Sanderson,2026-09-10T18:03:04Z,true,false,Katie Sanderson reviewed and copied this human decision.
1,v3-to-too-two-0399-to-too-two-02,TO_TOO_TWO,687f9aae59b5f3b72d3798ac2b63aff4d78d64a3646b493f8f6eb9e8ab0971ef,VALID,,false,not_applicable,not_applicable,[],non-gold-v3-to-too-two-0399-to-too-two-02,Katie Sanderson,2026-09-10T18:03:04Z,true,false,Katie Sanderson reviewed and copied this human decision.
1,v3-to-too-two-0400-to-too-two-01,TO_TOO_TWO,18b19487974031ce2982a89655b733fd6974d2a81f1a3a366179b894c213cb74,UNCERTAIN,,false,not_applicable,not_applicable,"[""task_dependent""]",non-gold-v3-to-too-two-0400-to-too-two-01,Katie Sanderson,2026-09-10T18:03:04Z,true,false,Katie Sanderson reviewed and copied this human decision.
1,v3-there-their-theyre-supplement-0002-to-too-two-01,TO_TOO_TWO,b9cd3c9f041fa6fa4dbc78c325bcd5185f8ea17495b39c4e0c54113dc8b41aec,VALID,,true,infinitive,governed_infinitive,[],non-gold-v3-there-their-theyre-supplement-0002-to-too-two-01,Katie Sanderson,2026-09-10T18:03:04Z,true,false,Katie Sanderson reviewed and copied this human decision.
1,v3-there-their-theyre-supplement-0004-to-too-two-01,TO_TOO_TWO,dd510fd17ac3daf97327e9220b15468efa5176da46ba6f7929263ca1a357edb9,VALID,,true,infinitive,governed_infinitive,[],non-gold-v3-there-their-theyre-supplement-0004-to-too-two-01,Katie Sanderson,2026-09-10T18:03:04Z,true,false,Katie Sanderson reviewed and copied this human decision.
1,v3-there-their-theyre-supplement-0014-to-too-two-01,TO_TOO_TWO,b4e7f6dcf85f5666401cea60ea43335d0cc529534226925fa293793b1b7d017d,VALID,,true,infinitive,governed_infinitive,[],non-gold-v3-there-their-theyre-supplement-0014-to-too-two-01,Katie Sanderson,2026-09-10T18:03:04Z,true,false,Katie Sanderson reviewed and copied this human decision.
1,v3-there-their-theyre-supplement-0017-to-too-two-01,TO_TOO_TWO,0a0e7db2705078311ad1d82ed6e7bbae9ab80f23e2d71c74309248af2f25ff24,VALID,,true,infinitive,governed_infinitive,[],non-gold-v3-there-their-theyre-supplement-0017-to-too-two-01,Katie Sanderson,2026-09-10T18:03:04Z,true,false,Katie Sanderson reviewed and copied this human decision.
1,v3-there-their-theyre-supplement-0018-to-too-two-01,TO_TOO_TWO,9dee7d7b520d9f47f894130222a19d5402e0a8e9b561d6c565108e0a2ec159ed,VALID,,true,infinitive,governed_infinitive,[],non-gold-v3-there-their-theyre-supplement-0018-to-too-two-01,Katie Sanderson,2026-09-10T18:03:04Z,true,false,Katie Sanderson reviewed and copied this human decision.
1,v3-there-their-theyre-supplement-0019-to-too-two-01,TO_TOO_TWO,7f51419e497ee6cb3b18f7143c9c733630d82607f27510231d62f8c91ce99d46,VALID,,true,infinitive,governed_infinitive,[],non-gold-v3-there-their-theyre-supplement-0019-to-too-two-01,Katie Sanderson,2026-09-10T18:03:04Z,true,false,Katie Sanderson reviewed and copied this human decision.
1,v3-there-their-theyre-supplement-0019-to-too-two-02,TO_TOO_TWO,1eecfff577f2cd5aa781e3ec2866b355a5f3c01d7133cebe0f9b98e163ef1e60,VALID,,true,infinitive,governed_infinitive,[],non-gold-v3-there-their-theyre-supplement-0019-to-too-two-02,Katie Sanderson,2026-09-10T18:03:04Z,true,false,Katie Sanderson reviewed and copied this human decision.
1,v3-there-their-theyre-supplement-0020-to-too-two-01,TO_TOO_TWO,602dd0428d9beb3aa904990a4401df80d0ae18a5d5b4ba84bcd72c37651f2d52,VALID,,true,infinitive,governed_infinitive,[],non-gold-v3-there-their-theyre-supplement-0020-to-too-two-01,Katie Sanderson,2026-09-10T18:03:04Z,true,false,Katie Sanderson reviewed and copied this human decision.
1,v3-there-their-theyre-supplement-0020-to-too-two-02,TO_TOO_TWO,d3a7e73c873e3777aeef5962dc8d5d84332357fd5ea2bce2edee0b04bf3c58e4,VALID,,true,infinitive,governed_infinitive,[],non-gold-v3-there-their-theyre-supplement-0020-to-too-two-02,Katie Sanderson,2026-09-10T18:03:04Z,true,false,Katie Sanderson reviewed and copied this human decision.
1,v3-there-their-theyre-supplement-0021-to-too-two-01,TO_TOO_TWO,2591e18ba0bf50f51d3ceae2d6e891b05435e39ad01eea2ecfd7597b2fc8276d,VALID,,true,infinitive,governed_infinitive,[],non-gold-v3-there-their-theyre-supplement-0021-to-too-two-01,Katie Sanderson,2026-09-10T18:03:04Z,true,false,Katie Sanderson reviewed and copied this human decision.
1,v3-there-their-theyre-supplement-0022-to-too-two-01,TO_TOO_TWO,ef66eb563f9f722a56576899e4f0d83d4e3ae2af9a31b6d14565b8e83630afff,VALID,,true,infinitive,governed_infinitive,[],non-gold-v3-there-their-theyre-supplement-0022-to-too-two-01,Katie Sanderson,2026-09-10T18:03:04Z,true,false,Katie Sanderson reviewed and copied this human decision.
1,v3-there-their-theyre-supplement-0023-to-too-two-01,TO_TOO_TWO,4f3b60624cbff66cc2a09a6a9f5a10a714d6db792034febabdda8345229b75c3,VALID,,true,infinitive,governed_infinitive,[],non-gold-v3-there-their-theyre-supplement-0023-to-too-two-01,Katie Sanderson,2026-09-10T18:03:04Z,true,false,Katie Sanderson reviewed and copied this human decision.
1,v3-there-their-theyre-supplement-0024-to-too-two-01,TO_TOO_TWO,2720147d856b2edf59287c46cf9af9d8231768f503863f93725c943e4541a638,VALID,,true,infinitive,governed_infinitive,[],non-gold-v3-there-their-theyre-supplement-0024-to-too-two-01,Katie Sanderson,2026-09-10T18:03:04Z,true,false,Katie Sanderson reviewed and copied this human decision.
1,v3-there-their-theyre-supplement-0024-to-too-two-02,TO_TOO_TWO,c845c76f7dc047ee9b7326ea78c30bb29b10824f99aa30d3dfac838552f67426,VALID,,true,infinitive,governed_infinitive,[],non-gold-v3-there-their-theyre-supplement-0024-to-too-two-02,Katie Sanderson,2026-09-10T18:03:04Z,true,false,Katie Sanderson reviewed and copied this human decision.
1,v3-there-their-theyre-supplement-0025-to-too-two-01,TO_TOO_TWO,95decaab18a1dcb48ac3f32f97bc9ab6ac2fe936b17718fef2dc84dfba9e82b0,VALID,,true,infinitive,governed_infinitive,[],non-gold-v3-there-their-theyre-supplement-0025-to-too-two-01,Katie Sanderson,2026-09-10T18:03:04Z,true,false,Katie Sanderson reviewed and copied this human decision.
1,v3-there-their-theyre-supplement-0025-to-too-two-02,TO_TOO_TWO,b981a6de208ab93bc1f4d47977225c1a1e1342faf31e5380567a8e2d26305b3d,VALID,,true,infinitive,governed_infinitive,[],non-gold-v3-there-their-theyre-supplement-0025-to-too-two-02,Katie Sanderson,2026-09-10T18:03:04Z,true,false,Katie Sanderson reviewed and copied this human decision.
1,v3-there-their-theyre-supplement-0026-to-too-two-01,TO_TOO_TWO,7f2b7a71031a0425298c8f515a694bce16872d04afbcb2bc65e0770ebf7f0186,VALID,,true,infinitive,governed_infinitive,[],non-gold-v3-there-their-theyre-supplement-0026-to-too-two-01,Katie Sanderson,2026-09-10T18:03:04Z,true,false,Katie Sanderson reviewed and copied this human decision.
1,v3-there-their-theyre-supplement-0027-to-too-two-01,TO_TOO_TWO,ed3adef3b1f40343daf6ffe298d96a44be563d196a0b702c29ac7e9ed82b489c,VALID,,true,infinitive,governed_infinitive,[],non-gold-v3-there-their-theyre-supplement-0027-to-too-two-01,Katie Sanderson,2026-09-10T18:03:04Z,true,false,Katie Sanderson reviewed and copied this human decision.
1,v3-there-their-theyre-supplement-0027-to-too-two-02,TO_TOO_TWO,f17de4aba952e6a6877f2ff18f7e712eede86f72e0df2a74f555b2c4dcf3f53a,VALID,,true,infinitive,governed_infinitive,[],non-gold-v3-there-their-theyre-supplement-0027-to-too-two-02,Katie Sanderson,2026-09-10T18:03:04Z,true,false,Katie Sanderson reviewed and copied this human decision.
1,v3-there-their-theyre-supplement-0028-to-too-two-01,TO_TOO_TWO,485e33cdb06f1e8ff56b3a1ea6133b13b681426df4803d16139c83225a5696a1,VALID,,true,infinitive,governed_infinitive,[],non-gold-v3-there-their-theyre-supplement-0028-to-too-two-01,Katie Sanderson,2026-09-10T18:03:04Z,true,false,Katie Sanderson reviewed and copied this human decision.
1,v3-there-their-theyre-supplement-0029-to-too-two-01,TO_TOO_TWO,e13d1348ed9d67005e1313da787ff020594aacd4f4cc9ab446539f140f39203e,VALID,,true,infinitive,governed_infinitive,[],non-gold-v3-there-their-theyre-supplement-0029-to-too-two-01,Katie Sanderson,2026-09-10T18:03:04Z,true,false,Katie Sanderson reviewed and copied this human decision.
1,v3-there-their-theyre-supplement-0030-to-too-two-01,TO_TOO_TWO,2a0cd6f55847f2fab07f15a516ee8c23aaee1eeb9d8a3ef19d670eada52ed212,VALID,,true,infinitive,governed_infinitive,[],non-gold-v3-there-their-theyre-supplement-0030-to-too-two-01,Katie Sanderson,2026-09-10T18:03:04Z,true,false,Katie Sanderson reviewed and copied this human decision.
1,v3-there-their-theyre-supplement-0030-to-too-two-02,TO_TOO_TWO,1609233c04e72ae99e0b51fc4550580883b52a95e34d46c1cfbf659d2008e0af,VALID,,true,infinitive,governed_infinitive,[],non-gold-v3-there-their-theyre-supplement-0030-to-too-two-02,Katie Sanderson,2026-09-10T18:03:04Z,true,false,Katie Sanderson reviewed and copied this human decision.
1,v3-there-their-theyre-supplement-0031-to-too-two-01,TO_TOO_TWO,1dd862c5d20badcd274916dd543c1a88eed8af4555390044e214faf81601147b,VALID,,true,infinitive,governed_infinitive,[],non-gold-v3-there-their-theyre-supplement-0031-to-too-two-01,Katie Sanderson,2026-09-10T18:03:04Z,true,false,Katie Sanderson reviewed and copied this human decision.
1,v3-there-their-theyre-supplement-0032-to-too-two-01,TO_TOO_TWO,a72ca4b19ad16d909b22ad71a13966d19b3ed6a25c4daf58650a6c2ec7d90bd5,VALID,,true,infinitive,governed_infinitive,[],non-gold-v3-there-their-theyre-supplement-0032-to-too-two-01,Katie Sanderson,2026-09-10T18:03:04Z,true,false,Katie Sanderson reviewed and copied this human decision.
1,v3-there-their-theyre-supplement-0033-to-too-two-01,TO_TOO_TWO,4c350fd332dc36fd4571e7a85c8839b3a5b1c4a8edadbbcb39909a5f19892938,VALID,,true,infinitive,governed_infinitive,[],non-gold-v3-there-their-theyre-supplement-0033-to-too-two-01,Katie Sanderson,2026-09-10T18:03:04Z,true,false,Katie Sanderson reviewed and copied this human decision.
1,v3-there-their-theyre-supplement-0034-to-too-two-01,TO_TOO_TWO,7a805062c8951e242df675949d0a3f07204bca91d7179085bbb0b2016f340325,VALID,,true,infinitive,governed_infinitive,[],non-gold-v3-there-their-theyre-supplement-0034-to-too-two-01,Katie Sanderson,2026-09-10T18:03:04Z,true,false,Katie Sanderson reviewed and copied this human decision.
1,v3-there-their-theyre-supplement-0035-to-too-two-01,TO_TOO_TWO,6ce429a2757eb57b3517f1e13b1089e9b7190d2bf67d308859397fee78788ed5,VALID,,true,infinitive,governed_infinitive,[],non-gold-v3-there-their-theyre-supplement-0035-to-too-two-01,Katie Sanderson,2026-09-10T18:03:04Z,true,false,Katie Sanderson reviewed and copied this human decision.
1,v3-there-their-theyre-supplement-0036-to-too-two-01,TO_TOO_TWO,8e0c8b414af4836592de01624339f0dc19ada5a6ef32a8bf9a89edb7c0a28a46,VALID,,true,infinitive,governed_infinitive,[],non-gold-v3-there-their-theyre-supplement-0036-to-too-two-01,Katie Sanderson,2026-09-10T18:03:04Z,true,false,Katie Sanderson reviewed and copied this human decision.
1,v3-there-their-theyre-supplement-0036-to-too-two-02,TO_TOO_TWO,14527b349d654d92320db8cc28e410bbe02c16eaceb6716b79993c0dfa2c0037,VALID,,true,infinitive,governed_infinitive,[],non-gold-v3-there-their-theyre-supplement-0036-to-too-two-02,Katie Sanderson,2026-09-10T18:03:04Z,true,false,Katie Sanderson reviewed and copied this human decision.
1,v3-there-their-theyre-supplement-0037-to-too-two-01,TO_TOO_TWO,318144891d4bae907becfcc351b8c63812bca71678f2738824ce434f6ae13edf,VALID,,true,infinitive,governed_infinitive,[],non-gold-v3-there-their-theyre-supplement-0037-to-too-two-01,Katie Sanderson,2026-09-10T18:03:04Z,true,false,Katie Sanderson reviewed and copied this human decision.
1,v3-there-their-theyre-supplement-0037-to-too-two-02,TO_TOO_TWO,b53fd71a0f03383e2950d163d678d1dafc585ef5a44df7847bb754305c50d879,VALID,,true,infinitive,governed_infinitive,[],non-gold-v3-there-their-theyre-supplement-0037-to-too-two-02,Katie Sanderson,2026-09-10T18:03:04Z,true,false,Katie Sanderson reviewed and copied this human decision.
1,v3-there-their-theyre-supplement-0038-to-too-two-01,TO_TOO_TWO,4f8543290b9427c08e8b18242c31ba906a2bd599981038ce9b88048a5d865fd5,VALID,,true,infinitive,governed_infinitive,[],non-gold-v3-there-their-theyre-supplement-0038-to-too-two-01,Katie Sanderson,2026-09-10T18:03:04Z,true,false,Katie Sanderson reviewed and copied this human decision.
1,v3-there-their-theyre-supplement-0039-to-too-two-01,TO_TOO_TWO,1d82fe34476046d5c32f1f8603733a17d40988776d3df6e3d55e2b7020e61ab8,VALID,,true,infinitive,governed_infinitive,[],non-gold-v3-there-their-theyre-supplement-0039-to-too-two-01,Katie Sanderson,2026-09-10T18:03:04Z,true,false,Katie Sanderson reviewed and copied this human decision.
1,v3-there-their-theyre-supplement-0039-to-too-two-02,TO_TOO_TWO,a87b8996d51db0d950bdb9ab219dc3a05e3b9c41e6b43ce504ba63b1881f8635,VALID,,true,infinitive,governed_infinitive,[],non-gold-v3-there-their-theyre-supplement-0039-to-too-two-02,Katie Sanderson,2026-09-10T18:03:04Z,true,false,Katie Sanderson reviewed and copied this human decision.
1,v3-there-their-theyre-supplement-0040-to-too-two-01,TO_TOO_TWO,f8d17d034f11c1565e6ef2cdc7298f87fbc7408faeaac42f6d291ed0d4b94532,VALID,,true,infinitive,governed_infinitive,[],non-gold-v3-there-their-theyre-supplement-0040-to-too-two-01,Katie Sanderson,2026-09-10T18:03:04Z,true,false,Katie Sanderson reviewed and copied this human decision.
1,v3-there-their-theyre-supplement-0041-to-too-two-01,TO_TOO_TWO,1589ad4ecb9b9ebeca56ee721838392dcf06ca37d8f873e9fa12882209326c5e,VALID,,true,infinitive,governed_infinitive,[],non-gold-v3-there-their-theyre-supplement-0041-to-too-two-01,Katie Sanderson,2026-09-10T18:03:04Z,true,false,Katie Sanderson reviewed and copied this human decision.
1,v3-there-their-theyre-supplement-0042-to-too-two-01,TO_TOO_TWO,bd61dda96980fd71ff0b8734ba78bd765e207bf24de677abd666aa13290f894d,VALID,,true,infinitive,governed_infinitive,[],non-gold-v3-there-their-theyre-supplement-0042-to-too-two-01,Katie Sanderson,2026-09-10T18:03:04Z,true,false,Katie Sanderson reviewed and copied this human decision.
1,v3-there-their-theyre-supplement-0043-to-too-two-01,TO_TOO_TWO,afae1fe19b80f35f37c4b1bc048da6dce91b8e6e89773967203a5ebca321dbd1,VALID,,true,infinitive,governed_infinitive,[],non-gold-v3-there-their-theyre-supplement-0043-to-too-two-01,Katie Sanderson,2026-09-10T18:03:04Z,true,false,Katie Sanderson reviewed and copied this human decision.
1,v3-there-their-theyre-supplement-0044-to-too-two-01,TO_TOO_TWO,53f2b8b079b6385e407e17cc997222bcc29e58c191284053b068710cdd92da74,VALID,,true,infinitive,governed_infinitive,[],non-gold-v3-there-their-theyre-supplement-0044-to-too-two-01,Katie Sanderson,2026-09-10T18:03:04Z,true,false,Katie Sanderson reviewed and copied this human decision.
1,v3-there-their-theyre-supplement-0045-to-too-two-01,TO_TOO_TWO,d8b5948b114f29845b61b7b425de7c6e9e9fa8f81198284be40d421e38a024d7,VALID,,true,infinitive,governed_infinitive,[],non-gold-v3-there-their-theyre-supplement-0045-to-too-two-01,Katie Sanderson,2026-09-10T18:03:04Z,true,false,Katie Sanderson reviewed and copied this human decision.
1,v3-there-their-theyre-supplement-0046-to-too-two-01,TO_TOO_TWO,eaefc6b36b4c71b72bfd4887a6aa6e1029c128bae7221a500057aeaefad8d2d2,VALID,,true,infinitive,governed_infinitive,[],non-gold-v3-there-their-theyre-supplement-0046-to-too-two-01,Katie Sanderson,2026-09-10T18:03:04Z,true,false,Katie Sanderson reviewed and copied this human decision.
1,v3-there-their-theyre-supplement-0046-to-too-two-02,TO_TOO_TWO,f7e207d1caf1fbbeacef5eea19b39522d537ba39060bd4b2c8089ac7901a542a,VALID,,true,infinitive,governed_infinitive,[],non-gold-v3-there-their-theyre-supplement-0046-to-too-two-02,Katie Sanderson,2026-09-10T18:03:04Z,true,false,Katie Sanderson reviewed and copied this human decision.
1,v3-there-their-theyre-supplement-0047-to-too-two-01,TO_TOO_TWO,1e8b079b3e77ec372043c6ee79eb4c82daf01f0db59b126477ac2b44729dd6e2,VALID,,true,infinitive,governed_infinitive,[],non-gold-v3-there-their-theyre-supplement-0047-to-too-two-01,Katie Sanderson,2026-09-10T18:03:04Z,true,false,Katie Sanderson reviewed and copied this human decision.
1,v3-there-their-theyre-supplement-0048-to-too-two-01,TO_TOO_TWO,d2b717cb8d6da447336b31e9b7d1db31bac4297ae5c53fce0162ed8da459ad52,VALID,,true,infinitive,governed_infinitive,[],non-gold-v3-there-their-theyre-supplement-0048-to-too-two-01,Katie Sanderson,2026-09-10T18:03:04Z,true,false,Katie Sanderson reviewed and copied this human decision.
1,v3-there-their-theyre-supplement-0049-to-too-two-01,TO_TOO_TWO,f823685012ef0f0ed5af25c523e6648f4b416523cdef5d2cc859af95a8510ac8,VALID,,true,infinitive,governed_infinitive,[],non-gold-v3-there-their-theyre-supplement-0049-to-too-two-01,Katie Sanderson,2026-09-10T18:03:04Z,true,false,Katie Sanderson reviewed and copied this human decision.
1,v3-there-their-theyre-supplement-0050-to-too-two-01,TO_TOO_TWO,0cd4f1f872fa5a2c5fe41e74759f2b0fc3aa23a6c7dfc71e0181d115ade00eb7,VALID,,true,infinitive,governed_infinitive,[],non-gold-v3-there-their-theyre-supplement-0050-to-too-two-01,Katie Sanderson,2026-09-10T18:03:04Z,true,false,Katie Sanderson reviewed and copied this human decision.
1,v3-there-their-theyre-supplement-0051-to-too-two-01,TO_TOO_TWO,95971a3fee28a0a54c69955d18634ad241a57ccb2037b77cd188b41b4a527a08,VALID,,true,infinitive,governed_infinitive,[],non-gold-v3-there-their-theyre-supplement-0051-to-too-two-01,Katie Sanderson,2026-09-10T18:03:04Z,true,false,Katie Sanderson reviewed and copied this human decision.
1,v3-there-their-theyre-supplement-0051-to-too-two-02,TO_TOO_TWO,827714cdf2e758fa14c1dd0c48382daf31fb7c05e00938c4016c65da4728b333,VALID,,true,infinitive,governed_infinitive,[],non-gold-v3-there-their-theyre-supplement-0051-to-too-two-02,Katie Sanderson,2026-09-10T18:03:04Z,true,false,Katie Sanderson reviewed and copied this human decision.
1,v3-there-their-theyre-supplement-0052-to-too-two-01,TO_TOO_TWO,ff2e07e15339cec455c5b10856b6b963b8c24a19af7b4214abbe5c0cd4f03b15,VALID,,true,infinitive,governed_infinitive,[],non-gold-v3-there-their-theyre-supplement-0052-to-too-two-01,Katie Sanderson,2026-09-10T18:03:04Z,true,false,Katie Sanderson reviewed and copied this human decision.
1,v3-to-too-two-gerund-supplement-0001-to-too-two-01,TO_TOO_TWO,c32b35c01307658015056a73088245f4c51aa3d69ded615c0e6a9c703dc9f59f,VALID,,false,not_applicable,not_applicable,"[""gerund""]",non-gold-v3-to-too-two-gerund-supplement-0001-to-too-two-01,Katie Sanderson,2026-09-10T18:44:23Z,true,false,Katie Sanderson reviewed and copied this human decision.
1,v3-to-too-two-gerund-supplement-0002-to-too-two-02,TO_TOO_TWO,1ea1c6e52b30dd2792ad816d303711f6fca21bc6ab8164044bdeec54ff6ede9d,VALID,,false,not_applicable,not_applicable,"[""gerund""]",non-gold-v3-to-too-two-gerund-supplement-0002-to-too-two-02,Katie Sanderson,2026-09-10T18:44:23Z,true,false,Katie Sanderson reviewed and copied this human decision.
1,v3-to-too-two-gerund-supplement-0003-to-too-two-01,TO_TOO_TWO,e798f499840815423411ef2ec5cded51f91b85b7db0a5704523e84aa8aed150e,VALID,,false,not_applicable,not_applicable,"[""gerund""]",non-gold-v3-to-too-two-gerund-supplement-0003-to-too-two-01,Katie Sanderson,2026-09-10T18:44:23Z,true,false,Katie Sanderson reviewed and copied this human decision.
1,v3-to-too-two-gerund-supplement-0004-to-too-two-01,TO_TOO_TWO,6df02f19048ca984286f1a1c0f32f003aae7e1681719cfbadfaddbbd42b03506,VALID,,false,not_applicable,not_applicable,"[""gerund""]",non-gold-v3-to-too-two-gerund-supplement-0004-to-too-two-01,Katie Sanderson,2026-09-10T18:44:23Z,true,false,Katie Sanderson reviewed and copied this human decision.
1,v3-to-too-two-gerund-supplement-0005-to-too-two-01,TO_TOO_TWO,ee99494930aa7dfccfa37f6b83c714aa984844fd04715d2853dd42deed6f68e7,VALID,,false,not_applicable,not_applicable,"[""gerund""]",non-gold-v3-to-too-two-gerund-supplement-0005-to-too-two-01,Katie Sanderson,2026-09-10T18:44:23Z,true,false,Katie Sanderson reviewed and copied this human decision.
1,v3-to-too-two-gerund-supplement-0006-to-too-two-01,TO_TOO_TWO,b78ecb64e63440534796428831da5fb4852a4aba5617618b0312dab91b0d3e4b,VALID,,false,not_applicable,not_applicable,"[""gerund""]",non-gold-v3-to-too-two-gerund-supplement-0006-to-too-two-01,Katie Sanderson,2026-09-10T18:44:23Z,true,false,Katie Sanderson reviewed and copied this human decision.
1,v3-to-too-two-gerund-supplement-0007-to-too-two-01,TO_TOO_TWO,c10bf3deedd6c6cf62df2c3f4be99e862a7f933a85e4c55617662c77352bab98,VALID,,false,not_applicable,not_applicable,"[""gerund""]",non-gold-v3-to-too-two-gerund-supplement-0007-to-too-two-01,Katie Sanderson,2026-09-10T18:44:23Z,true,false,Katie Sanderson reviewed and copied this human decision.
1,v3-to-too-two-gerund-supplement-0008-to-too-two-01,TO_TOO_TWO,e95d4d5344aefd8f3afd6b24c67907f5e16207102d3f66a72d1d66a127bdb855,VALID,,false,not_applicable,not_applicable,"[""gerund""]",non-gold-v3-to-too-two-gerund-supplement-0008-to-too-two-01,Katie Sanderson,2026-09-10T18:44:23Z,true,false,Katie Sanderson reviewed and copied this human decision.
1,v3-to-too-two-gerund-supplement-0009-to-too-two-01,TO_TOO_TWO,45bc54c66359b8f6cb64b343ecc27bac4f0e4e7531a048b38591e5c28ea488e8,VALID,,false,not_applicable,not_applicable,"[""gerund""]",non-gold-v3-to-too-two-gerund-supplement-0009-to-too-two-01,Katie Sanderson,2026-09-10T18:44:23Z,true,false,Katie Sanderson reviewed and copied this human decision.
1,v3-to-too-two-gerund-supplement-0010-to-too-two-01,TO_TOO_TWO,8280bd8514c2883cfbc8e609882fcf2c1935b7920f60fd018bce1d47d1c0310c,VALID,,false,not_applicable,not_applicable,"[""gerund""]",non-gold-v3-to-too-two-gerund-supplement-0010-to-too-two-01,Katie Sanderson,2026-09-10T18:44:23Z,true,false,Katie Sanderson reviewed and copied this human decision.
1,v3-to-too-two-gerund-supplement-0002-to-too-two-01,TO_TOO_TWO,ada031c6dc500bb8f427bf2378dd9ed4bebe2445685f4c2945c9ef6096734ea0,VALID,,true,infinitive,governed_infinitive,[],non-gold-v3-to-too-two-gerund-supplement-0002-to-too-two-01,Katie Sanderson,2026-09-10T19:24:51Z,true,false,Katie Sanderson explicitly confirmed and reviewed the incidental infinitival decision.
